5837
-9.42	160.05	30
-10.31	150.33	91
-5.83	144.3	5551
-2.06	147.42	14
-6.57	146.72	237
-9.43	147.22	159
-2.7	141.32	10
-3.57	143.63	20
39.19	45.46	0
68.7	307.2	139
61.17	314.58	115
70.75	337.35	47
64.17	308.25	270
69.23	308.93	98
65.58	322.85	118
65.42	307.07	51
61.98	310.33	7
77.47	290.78	64
67.02	309.3	169
66.95	306.27	169
76.53	291.25	260
72.78	303.87	429
70.68	307.83	7
65.68	341.92	78
65.28	345.6	78
64.3	344.78	57
66.06	336.86	7
63.97	337.4	176
64.13	338.1	183
63.4	339.72	399
42.63	21.13	1947
46.35	296.83	179
52.18	231.85	145
47.42	291.68	521
47.32	288.85	2272
45.37	287.23	291
49.57	246.95	3313
50.18	247.57	2708
49.8	247.97	2816
49.9	247.27	2901
50.83	247.95	2414
49.48	247.32	3168
51.03	246.72	3269
49.92	249.08	2590
49.87	248.62	2701
25.03	55.37	172
45.25	285.03	287
45.53	281.73	1386
49.66	266.27	1471
50.13	237.05	2225
48.08	290.45	17
42.25	278.1	602
49.05	254.52	2556
47.3	306	54
51.77	245.32	3766
46.72	280.9	612
45.97	278.52	663
45.77	297.32	7
50.55	248.15	2525
46.18	287.08	54
50.27	296.23	37
53.33	255.98	1261
44.82	297.67	34
49.83	295.7	179
45.12	285.72	166
53.7	302.97	47
52.35	262.97	751
47.33	274.17	632
48.6	273.7	696
51.15	238.5	3574
44.45	279.83	747
52.07	248.53	2674
50.72	303.88	98
59.57	252.48	1075
50.4	255.42	1937
50.02	246.37	3421
58.42	229.98	2759
50.47	300.37	20
49.68	305.2	311
47.42	287.2	571
49.9	289.25	1349
49.03	269.53	1653
51.43	247.33	2292
49.38	233.45	24
49.28	286.65	1031
47.23	299.87	88
49.43	251.02	3645
54.58	229.3	27
49.22	236.2	17
46.45	298.03	37
52.12	258.77	1133
47	289.19	17
79.98	274.07	34
45.82	286.57	71
48.78	236.95	24
66.58	298.38	1329
52.82	255.4	1657
49.2	247.28	3841
45.05	287.17	514
49.35	235.83	17
43.77	278.28	723
44.42	284.15	277
44.53	280.78	747
49.13	246.2	4382
47.42	298.2	34
49.48	235.57	17
49.75	245.1	3844
56.37	265.3	490
51.67	249.8	2390
76.42	277.1	152
51.7	246.78	3066
54.17	229.63	17
45.72	286.62	649
54.92	250.05	2225
55.45	299.77	27
49.08	298.3	14
46.68	288.05	186
60.77	222.42	2025
46.2	289.22	774
61.32	242.4	544
47.07	289.47	61
50.7	263.43	744
65.77	248.77	1690
50.37	257.43	2028
68.32	259.92	122
50.17	293.57	85
54.75	249.95	2373
47.28	289.37	2431
45.17	286.32	176
51.67	254.6	1778
48.77	289.72	382
47.15	292.18	166
45.3	286.65	152
47.3	288.73	308
61.13	259.1	1207
53.18	260.73	754
56.33	256.72	1163
49.73	254.07	2448
48.43	288.86	433
49.08	243.5	2184
46.07	285.47	808
54.25	227.05	139
50.23	240.7	1880
52.93	241.68	3448
50.9	250.5	2272
50.73	288.98	1680
44.43	294.8	429
48.57	236.47	1237
49.72	271.67	879
69.59	219.83	44
49.17	254.02	3100
69.67	238.33	1116
59.98	295.83	1863
58.42	230	2759
54.77	247.98	1917
54.3	229.4	91
50.95	252.85	2248
69.6	229.1	345
48.42	236.68	237
50.93	232.37	57
43.98	279.25	1403
68.9	284.85	548
50.23	238.42	774
52.18	232.53	108
46.28	284	676
49.2	238.68	17
49.9	250.53	2593
63.15	243.27	916
45.03	279.63	646
41.83	277.53	659
43.96	281.83	260
69.63	224.57	41
47.08	296	51
47.8	290.45	500
49.5	261.97	906
45.63	277.03	619
49.5	242.7	1809
50.27	242.18	1772
46.22	287.35	34
49.75	275.83	865
63.33	295.85	1241
48.02	295.33	159
48.83	288.55	463
49.12	249.53	3161
51.77	255.78	1897
42.87	280.75	622
47.57	289.23	2715
45.07	293.53	3
48.43	236.57	41
47.92	285.38	1494
49.2	261.1	1589
50.6	239.48	2367
42.57	279.95	592
69.03	252.18	558
54.38	234.05	2411
45.37	288.18	612
48.3	236.47	17
48.42	291.1	0
43.83	282.85	267
50.22	295.78	30
53.32	227.23	47
48.27	290.12	0
46.65	306.93	95
69.43	270.27	1099
61.58	295.35	1248
51.57	252.08	1981
45.07	283.87	1119
52.43	245.07	3340
45.35	299.02	14
54.17	228.33	24
49.63	245.52	4405
50.12	232.07	331
69.08	280.97	139
49.13	247.95	3550
48.42	295.68	54
43.93	299.98	14
46.43	297.85	81
49.25	294.67	98
49.08	293.27	118
49.78	237.17	203
50.7	240.72	1187
48.38	236.08	71
53.37	252.45	1974
45.2	292.75	88
47.35	289.97	105
49.75	245.12	3847
45.5	286.42	213
49.32	292.62	17
47.07	290.8	20
45.27	287.83	707
54.72	301.65	2309
46.35	287.48	20
68.47	293.2	1356
49.57	240.35	1535
68.65	288.83	1782
48.3	289.07	456
67.53	296.22	1937
49.1	236.7	3
68.9	226.07	882
53.62	247.97	2160
49.07	252.42	2654
49.65	250.48	4297
45.43	286.07	132
55.83	251.57	1467
44.28	293.67	54
48.53	236.53	166
49.35	236.82	602
43.3	280.2	260
43.98	295.33	30
49.7	256.2	1991
49.02	237.22	51
53.5	229.37	57
52.8	262.38	754
47.52	307.02	44
45.33	278.27	612
43.25	280.78	267
51.08	244.93	4388
48.88	288.97	1028
51.02	302.9	27
49.63	248.55	2833
69.28	240.78	233
48.45	236.7	166
57.13	298.52	2820
51.45	243.67	203
64.95	296.42	1971
49.03	240.57	957
49.25	238.23	51
51.2	244.45	4723
53.03	228.4	57
47.37	304.2	118
48.55	236.77	3
46.53	298.92	57
48.47	292.57	561
51.93	228.98	311
60.17	227.23	2383
58.33	297.42	1633
54.28	247.03	2245
53.92	247.72	2113
54.77	247.18	1941
52.35	247.4	2688
73	274.98	64
52.12	248.9	2323
44.48	280.45	977
50.2	255.3	1961
46.83	288.8	34
49.62	246.18	3628
49.8	247.7	2786
49.15	271.65	771
56.32	240.25	2130
46.63	299.05	149
62.12	223.82	2137
50.28	246.65	3401
51.93	249.28	2610
49.05	247.18	4429
65.22	236.57	720
42.87	279.45	784
61.27	235.53	957
54.32	246.05	2076
49.6	261.68	1153
50.63	266.78	1200
53.57	246.48	2269
53.3	246.4	2417
44.23	280.22	849
49.48	248.52	2978
56.08	241.57	2214
50.63	263.02	734
42.03	277.1	646
53.18	247.75	2326
45.83	284.35	642
43.29	280.09	345
55.4	243.52	2035
51.18	247.5	3283
46.67	299.62	27
49.4	277.55	737
45	284.37	335
48.15	280	1095
52.85	248.13	2282
45.07	295.52	166
44.37	295.7	14
63.6	246.13	1261
61.12	237.15	619
49.18	261.92	1007
56.97	242.55	1545
44.6	296.47	51
56.65	248.78	1248
51.67	247.32	2826
44.98	297.52	135
46.82	299.33	1484
45.77	295.77	68
51.77	245.92	3536
55.15	254.73	1278
51.38	249.65	2593
55.62	241.7	2099
45.35	279.95	595
51.13	248.3	2536
68.26	237.9	1792
48.43	270.78	3
74.72	265.02	230
49.57	302.12	230
54.5	248.3	1978
50.3	249.92	2705
73.77	254.72	37
46.58	287.42	372
54.28	247.5	2299
54.02	248.73	2194
55.7	240.77	3432
47.52	307.22	385
45.62	298.32	230
53.63	248.32	2292
69.18	237.65	1866
43.67	280.6	382
48.56	306.03	362
68.75	226.5	287
53.35	249.12	2106
43.18	280.6	267
55.1	242.8	2360
65.88	270.55	61
49.5	247.88	3191
49.89	262.87	778
61.25	236.25	690
51.3	279.38	30
54.15	244.22	2654
50.22	293.75	176
73.01	274.95	74
53.57	283.8	788
53.75	286.33	1035
46.48	275.48	649
60.02	290	396
52.93	277.57	30
44.63	296.5	172
51.4	303.92	95
49.08	234.23	81
68.53	270.18	51
49.13	291.8	74
52.38	233.42	118
48.33	289	538
64.3	263.92	61
49.95	234.73	358
44.25	280.08	754
58.71	261.49	950
49.92	260.05	1383
53.33	256	1264
52.35	262.97	751
51.1	245.63	4057
51.45	302.82	118
69.1	254.88	91
49.05	236.13	95
49.3	242.37	1673
42.31	277.92	669
67.82	244.85	74
52.13	240.72	2309
55.7	238.37	2059
63.33	269.28	37
45.83	293.57	172
70.48	291.48	88
64.05	220.87	1248
61.37	220.97	2728
49.47	239.48	2367
49.22	302.6	74
58.42	229.97	2715
51.1	259.95	1031
56.55	298.32	24
55.75	239.82	2214
53.67	246.53	2326
53.3	246.42	2444
61.1	265.93	34
46.35	277.43	1112
49.22	257.03	1964
56.02	272.32	54
53.58	243.53	3127
68.3	226.52	230
63.75	291.47	115
45.87	293.47	68
54.68	258.32	1028
61.18	246.32	554
61.75	238.77	571
55.08	300.82	240
51.3	243.02	2654
66.27	231.38	223
44.22	283.4	314
53.63	282.3	659
48.77	295.52	112
49.78	273.07	1187
47.42	298.22	34
69.37	278.18	172
50.28	296.38	112
55.28	282.23	41
56.35	265.3	490
61.05	290.37	101
49.83	267.25	1396
49.37	238.52	132
51.7	283.88	825
70.77	242.2	122
68.63	264.15	156
43.17	280.07	805
45.52	286.58	91
60.83	244.22	561
44.88	296.5	490
62.42	282.05	142
51.27	238.31	3814
72.67	282	193
53.85	265.35	801
60.23	236.52	727
48.55	301.44	88
50.7	239.55	1170
68.22	225	24
43.47	279.62	1072
61.58	288.07	511
57.25	254.38	1721
54.8	293.18	1761
60.82	281.85	30
51.66	274.1	605
51.48	281.25	78
51.52	250.83	2346
43.87	280.63	669
59.3	290.4	118
62.85	290.12	179
47.82	276.65	1511
52.2	272.06	855
54.13	251.48	1623
62.42	249.33	605
53.32	249.93	2262
82.52	297.72	105
58.72	294.02	203
49.95	240.63	1454
63.62	224.13	1704
52.3	304.15	37
50.33	254.45	1951
56.65	248.78	1248
51.29	279.39	34
49.77	285.47	1308
56.53	283.48	240
45.68	285.97	277
50.18	298.18	37
53.02	281.17	47
45.52	284.43	216
53.97	262.17	754
49.77	282.18	950
64.7	250.62	1586
67.57	220.18	849
54.41	249.72	1839
58.62	242.83	1143
43.92	281.1	470
45.32	284.33	385
46.9	288.5	568
53.22	254.32	1447
69.35	235.97	20
45.67	298.62	385
56.23	242.57	1930
49.9	261.73	909
58.47	281.92	85
51.45	269.8	1305
54.98	274.57	183
44.23	281.63	646
54.3	229.57	115
49.83	235.5	440
60.05	282.72	78
58.77	248.88	784
44.97	280.7	953
46.8	288.62	247
53.97	258.9	916
52.18	246.1	3060
42.28	277.05	642
60.12	231.18	2333
43.83	293.92	145
49.78	265.63	1390
49.63	247.2	3141
46.12	295.32	240
49.72	235.1	81
50.43	255.33	1951
48.37	270.68	673
55.18	241.12	2262
51.27	257.53	1684
52.77	251.75	1853
48.95	305.43	511
46.17	299.95	210
53.03	237.48	1843
64.13	242.58	710
74.72	265.02	227
48.52	287.73	605
51.07	266.2	1295
46.35	287.32	206
62.82	267.88	108
50.97	241.82	1498
46.63	279.2	1177
45.43	288.32	815
50.27	248.82	2603
59.25	254.17	845
45.32	294.12	369
56.53	280.75	108
47.15	292.17	815
60.03	248.07	686
43.2	280.83	331
48.75	273.65	1065
72.98	275.37	2194
72	234.72	291
64.23	283.47	172
55.8	262.13	737
53.83	270.13	757
58.67	290.05	105
44.12	282.47	291
48.57	278.63	997
43.63	280.6	260
68.95	222.78	128
69.45	226.98	17
45.47	286.26	122
68.82	266.57	142
66.53	273.75	81
68.78	278.75	27
48.2	281.17	1018
55.15	254.73	1281
67.02	233.87	876
67.55	295.97	20
48.07	282.22	1139
58.1	291.58	125
65.28	233.2	250
49.18	236.83	7
55.83	251.55	1467
44.75	278.9	751
45.95	282.68	440
64.19	245.92	1244
49.9	262.77	808
48.42	236.67	34
65.2	236.57	595
52.93	293.13	1863
52.18	237.95	3178
63.22	236.57	507
49.6	244.22	3175
53.57	246.48	2269
52.17	253.32	1704
50.02	249.28	2421
56.23	239.27	2350
50.12	268.1	1319
62.23	267.4	68
66.15	294.28	78
62.42	219.13	2194
47.7	280.15	822
53.88	237.32	2336
54.47	231.42	734
43.03	278.85	940
49.03	237.62	196
60.72	224.93	2377
47.97	275.22	970
46.35	280.57	1254
51.12	245.98	3641
54.82	232.82	1768
58.83	237.42	1291
49.47	240.4	1163
46.28	296.87	183
69.55	266.42	95
48.65	236.57	64
56.87	258.92	1207
50.28	252.32	2765
58.75	265.93	98
53.32	299.58	166
47.62	307.27	473
49.42	277.53	767
50.3	270.97	1187
48.6	291.78	176
43.67	280.37	585
45.88	277.43	652
62.47	245.55	696
62.18	284.33	764
55.3	245.22	1964
53.25	228.18	20
43	277.68	612
64.2	276.63	216
50.68	232.63	74
54.15	244.22	2644
50.22	293.73	186
60.17	227.25	2383
44.98	295.08	95
55.3	236.87	2333
47.63	294.25	199
70.1	235.28	294
47.97	293.68	128
45.42	296.53	128
43.65	279.58	1271
52.23	281.48	24
68.32	226.48	348
62.2	226.63	2424
67.4	225.15	145
64.92	234.43	331
61.77	238.77	568
60.83	244.22	554
56.03	263.48	619
53.43	268.23	940
50.33	254.43	1951
54.03	227.87	27
53.57	247.7	2309
53.65	246.65	2248
49.52	246.02	4023
52.43	246.4	3262
75.37	255.72	41
53.07	266.65	980
60.03	248.07	686
46.45	297.42	101
55.93	230.02	24
48.37	270.68	673
53.55	295.9	1488
53.67	246.13	2319
53.58	243.53	3134
35.33	4.2	1559
36.72	5.07	7
36.72	3.25	85
24.55	9.47	3563
26.5	8.42	1886
36.18	5.42	3509
22.82	5.47	4655
36.88	5.82	7
34.93	0.43	3885
36.83	7.82	14
36.28	6.62	2346
36.93	6.95	24
35.48	8.13	2749
35.55	6.18	3557
32.93	3.31	2617
35.25	1.43	3810
34.87	0.15	2603
27.67	351.87	1457
34.82	358.22	1447
36.22	1.33	483
34.15	0.07	3381
35.54	0.53	379
35.02	358.53	835
35.63	0.6	304
31.62	357.77	2613
35.2	0.13	1738
21.38	0.92	1339
27.88	0.28	889
34.8	5.73	294
30.57	2.87	1342
32.38	3.82	1521
31.67	6.15	480
27.25	2.52	909
33.12	6.13	287
33.77	2.93	2586
33.5	6.12	213
29.25	0.28	1055
31.92	5.4	477
28.05	9.63	1900
6.35	2.38	17
12.35	358.48	1068
11.17	355.68	1555
5.6	0.17	230
6.72	358.4	970
4.88	358.23	17
5.3	356.7	112
5.25	356.07	24
7.73	354.93	1271
8.05	357.22	1248
6.65	355.3	311
6.87	353.53	933
6.13	354.05	693
9.42	354.38	1288
7.38	352.48	1146
9.5	352.43	1467
4.75	353.35	101
4.95	353.92	210
4.42	352.63	71
6.9	354.65	663
9.01	7.26	1163
7.25	5.3	1133
6.32	5.58	267
9.1	6.02	463
4.97	8.35	213
6.47	7.55	463
7.43	3.9	791
8.48	4.58	1041
5.43	7.21	385
9.87	8.9	4378
10.6	7.45	2181
12.05	8.53	1609
13.02	7.68	1751
11.85	13.08	1197
7.68	8.62	382
6.58	3.33	135
9.65	6.46	859
4.85	7.02	61
13.02	5.25	1187
9.23	12.47	646
11.13	7.68	2245
13.8	5.25	920
13.47	7.08	1258
13.48	2.17	754
14.9	5.25	1305
16.97	7.98	1694
13.78	8.98	1528
36.95	8.75	68
35.77	10.75	7
36.83	10.23	10
37.25	9.8	17
32.32	10.4	1014
34.42	8.82	1058
33.88	10.1	14
33.87	10.77	10
35.67	10.1	203
36.85	11.08	98
36.48	8.8	483
31.68	9.17	872
34.72	10.68	71
33.92	8.1	294
7.58	1.12	1352
10.8	0.25	3107
10.37	0.47	490
9.77	1.1	1156
8.98	1.15	1305
6.58	1.5	149
6.17	1.25	68
51.2	4.47	41
50.75	4.77	355
51.17	5.47	186
50.9	4.53	186
50.47	4.45	632
50.57	3.83	203
51.01	5.07	101
51.08	2.65	14
50.23	4.65	943
50.47	6.18	1907
50.65	5.45	629
50.63	5.45	602
51.2	2.87	14
50.97	12.5	659
53.88	14.15	95
51.86	11.42	612
52.38	13.52	159
51.13	13.75	778
50.98	10.97	1065
50.05	8.6	375
52.13	7.7	162
53.63	10	54
50.87	7.17	335
51.28	6.78	149
48.35	11.78	1532
49.5	11.05	1075
51.42	12.23	487
49.22	7.12	1089
48.68	9.22	1339
52.56	13.31	125
52.47	9.68	189
53.05	8.8	10
49.97	8.63	399
49.95	7.27	1660
49.47	8.52	338
50.71	8.08	2035
53.53	9.83	17
54.38	10.17	105
53.81	10.72	54
47.97	10.22	2177
51.23	6.5	128
51.62	8.62	720
51.6	6.14	108
51.52	7.62	429
48.43	10.93	1559
48.08	11.28	2028
47.67	9.52	1406
53.43	11.78	176
50.32	11.88	1917
49.21	7.4	1163
48.78	8.08	419
47.97	8.52	2299
48.37	7.83	527
52.32	10.55	301
51.4	9.38	936
54.92	8.35	54
58.98	22.82	17
58.23	22.51	14
58.42	24.47	47
59.4	24.82	135
58.3	26.73	199
68.36	23.43	1041
61.85	24.8	483
60.25	25.05	57
60.32	24.97	172
68.62	27.42	497
62.67	29.63	402
62.4	25.68	477
63.1	23.03	142
65.78	24.58	51
64.28	27.68	483
63.72	23.15	85
65.97	29.18	886
67.7	24.85	2174
63.02	27.8	331
61.05	28.15	358
60.12	19.9	20
61.73	27.3	467
64.93	25.37	41
61.47	21.8	44
66.57	25.83	666
61.95	28.95	321
62.69	22.83	308
61.42	23.58	379
60.52	22.27	166
60.9	26.93	338
63.05	21.77	14
62.17	27.87	294
54.65	353.78	274
54.6	354.12	17
55.05	352.85	30
52.45	358.27	335
52.37	358.52	277
51.9	357.83	98
53.35	357.72	233
53.48	359	57
51.5	358.02	527
51.17	358.25	419
50.08	354.75	264
51.39	356.55	169
51	357.37	78
55.44	354.31	44
56.46	354.6	20
51.4	356.65	227
51.38	357.28	639
53.33	357.15	88
51.87	0.37	541
50.42	355.88	85
49.92	353.7	105
50.78	358.17	37
50.9	358.6	30
50.12	354.48	14
50.43	355	402
49.72	357.8	240
49.43	357.4	345
49.22	357.8	284
50.83	0.28	7
51.32	0.03	619
51.15	0.18	210
51.5	0.5	17
51.28	0.77	220
51.48	359.55	81
51.57	0.7	51
50.95	0.93	10
51.34	1.35	186
54.93	357.05	88
53.77	356.97	34
53.58	0.35	105
53.87	358.35	703
53.17	357.02	34
54.08	355.37	57
55.03	358.3	274
54.52	358.58	125
52.83	358.67	318
55.05	357.45	1099
51.72	355.63	10
52.8	357.33	257
53.25	355.47	3
53.58	356.94	37
58.95	357.1	71
59.88	358.7	17
58.45	356.92	132
57.2	357.78	220
57.53	355.95	30
55.87	355.57	27
55.95	356.65	139
55.68	353.74	54
55.5	355.42	68
57.47	352.63	20
60.43	358.7	74
56.45	356.98	14
58.22	353.68	30
56.5	353.12	41
57.82	356.03	14
57.65	356.43	24
56.38	357.13	41
55.42	358.4	78
57.72	356.68	44
52.2	0.18	51
52.63	1.72	7
52.63	1.3	47
51.88	0.23	358
52.07	0.62	375
50.73	356.58	101
51.52	357.42	233
51.62	358.92	213
52.42	0.57	34
52.37	0.48	34
51.44	357.71	612
52.12	0.97	294
52.35	0.12	139
51.68	358.22	294
51.76	358.42	298
51.23	0.95	416
51.15	358.43	308
52.63	357.7	281
51.55	359.58	128
53.08	359.83	24
54.13	358.58	122
54.3	358.47	135
53.83	358.8	30
52.73	0.65	467
53.31	0.55	210
53.47	0.15	10
52.62	0.47	284
54.05	358.75	54
53.87	0.43	20
53.18	0.52	230
53.48	0.08	37
54.2	358.62	95
53.03	0.5	227
52.97	0.57	379
52.87	0.15	10
52.65	0.57	78
-51.82	301.55	250
55.42	3.82	169
52.3	4.77	-14
50.92	5.78	385
52.07	5.88	162
54.32	2.93	169
51.45	5.42	78
54.85	4.7	169
51.44	3.6	34
54.12	4.02	169
53.13	6.58	14
51.57	4.93	51
53.82	2.95	169
53.22	3.22	169
52.92	4.78	0
53.27	3.63	169
53.22	5.77	3
53.5	5.95	169
53.62	4.97	169
52.37	3.35	169
52.92	3.82	169
51.95	4.45	-17
52	3.28	169
51.93	3.67	169
51.65	5.7	74
53.24	4.92	37
51.45	4.33	68
51.85	351.52	517
53.43	353.75	230
53.91	351.18	686
53.3	353.57	328
52.7	351.08	47
56.3	10.62	78
55.08	11.78	14
55.73	9.17	254
55.62	12.65	17
55.53	8.57	101
55.72	4.8	145
55.6	7.62	169
55.52	7.88	169
56.3	9.12	176
55.48	10.33	57
55.58	12.13	149
55.07	14.75	54
54.97	9.78	24
57.5	10.22	95
55.23	9.27	145
55.43	9.33	149
62.07	352.72	287
56	8.35	17
57.1	9.85	10
49.62	6.22	1271
62.57	6.12	7
69.3	16.15	3
69.98	23.37	0
61.45	5.87	507
65.47	12.22	0
67.27	14.37	3
60.28	5.23	17
70.63	29.73	34
70.87	29.03	3
58.2	8.08	3
64.36	7.79	0
69.07	18.53	24
56.55	3.25	10
68.52	16.68	88
59.9	10.63	3
61	9.3	2779
61.58	5.03	0
61.03	2.03	34
60.2	11.08	68
59.35	5.22	7
65.33	2.33	0
70.67	23.67	27
70.48	22.15	34
59.57	2.23	34
71.02	25.98	3
63.12	7.83	20
69.73	29.9	30
68.15	13.62	7
71.03	27.83	3
62.75	7.27	0
65.8	13.13	237
70.07	24.98	0
66.03	8.08	34
68.47	17.5	57
64.47	11.58	0
59.57	9.22	64
59.32	10.45	51
63.7	9.6	0
62.18	6.07	24
60.65	3.72	68
60.88	3.62	68
61.53	2.22	34
66.37	14.3	24
64.83	11.15	14
62.58	11.35	210
67.52	12.1	14
59.38	10.78	17
78.25	15.47	7
61.83	6.12	20
61.45	2.15	34
61.25	1.85	34
61.15	7.13	166
68.25	14.67	0
68.58	15.02	0
58.37	1.9	169
59.18	9.57	3
59.8	5.35	166
69.78	20.97	0
70.35	31.05	41
65.97	12.47	3
69.68	18.92	3
59.2	10.27	27
63.47	10.93	3
70.07	29.85	10
58.88	5.63	0
53.1	17.98	240
54.38	18.47	456
50.08	19.8	801
50.23	19.03	960
54.42	17.77	511
51.72	19.4	622
52.42	16.83	291
50.1	22.05	676
53.4	14.62	3
52.17	20.97	358
51.1	16.88	406
51.93	15.53	649
58.4	15.52	314
56.27	15.28	196
57.67	12.3	571
57.77	14.08	764
58.47	13.17	206
57.78	11.88	68
58.45	13.97	331
58.32	12.35	139
58.43	12.7	183
60.97	14.52	652
58.78	16.92	145
55.92	14.08	78
56.73	16.3	54
55.55	13.37	358
56.68	12.83	101
57.3	14.13	571
56.85	14.83	673
67.15	20.65	1214
63.05	17.77	34
64.55	18.72	713
62.53	17.45	14
63.4	18.97	348
67.82	20.33	1528
64.63	21.08	166
63.8	20.28	24
65.58	19.28	1281
61.26	17.1	91
63.17	14.5	1251
59.23	15.05	193
59.44	13.34	362
59.58	16.63	105
65.55	22.13	57
65.87	20.13	609
59.65	17.95	206
59.35	17.95	47
60.43	15.52	490
60.6	16.95	267
58.4	15.68	176
58.58	16.15	115
57.67	18.35	172
56.28	12.83	159
56.07	13.2	145
64.97	17.7	943
65.8	15.08	1565
49.98	6.7	1234
49.43	7.6	805
49.32	10.63	1579
54.83	9.5	91
53.13	9.35	206
51.73	6.27	105
48.18	9	3110
47.83	10.87	2498
52.28	9.08	237
52.6	10.02	132
52.3	7.38	135
51.12	9.28	581
48.22	9.92	1819
49.4	9.97	1582
49.22	11.1	1312
52.92	10.18	254
49.7	11.95	1403
49.22	11.83	1494
49.47	10.38	1099
53.77	8.67	78
52.58	8.35	132
50.97	6.05	304
54.32	9.53	41
53.53	7.88	24
53.92	12.28	135
50.83	6.67	456
54.47	9.52	74
53.55	7.67	27
53.6	13.32	240
52.45	9.43	193
49.57	8.47	325
50.05	8.33	473
48.07	10.9	2106
50.17	7.07	1616
48.32	11.95	1562
51.77	13.18	267
48.72	11.53	1241
48.18	10.87	1876
48.72	11.22	1285
51.92	8.3	243
52.72	7.33	71
56.52	21.08	17
56.92	23.97	34
57.35	21.55	20
54.9	23.92	260
55.92	21.05	34
55.89	23.39	456
54.63	25.1	548
-28.57	16.53	71
-29.1	26.3	4578
-28.25	28.33	5700
-33.98	18.6	142
-31.47	19.77	3296
-30.63	23.92	1298
-33.03	27.83	423
-26.5	29.98	5872
-25.99	28.14	5487
-34	22.38	652
-26.25	28	5639
-24.37	31.03	1734
-25.92	28.22	5149
-26.15	28	5497
-26.13	28.23	5747
-28.8	24.77	4050
-25.38	31.1	2914
-25.93	27.93	4655
-29.6	31.13	369
-23.16	29.7	3161
-32.97	18.17	105
-25.78	25.53	4331
-34.6	20.28	254
-33.98	25.6	206
-25.33	27.17	3513
-23.83	29.45	4199
-25.73	28.18	4496
-29.67	17.87	3401
-26.25	28.4	5504
-25.82	28.17	4926
-28.4	21.27	2836
-31.53	28.67	2509
-26.57	27.96	5014
-25.65	28.22	4219
-25.83	28.22	5064
-21.22	27.5	3384
-17.82	25.15	3273
-21.42	25.6	3333
-19.98	23.42	3195
-24.22	25.92	3398
-20.47	25.98	3053
-22.06	27.82	3016
-4.25	15.25	1068
-2.53	14.77	2674
1.62	18.07	1133
1.62	16.05	1190
-3.48	12.62	541
-4.2	12.7	1119
-4.82	11.9	57
-26.85	31.92	318
-27.16	31.44	2370
-25.98	31.98	1927
-27.27	31.82	1065
-26.53	31.3	2167
-26.96	31.96	700
-27.05	31.1	3726
-26.11	31.45	1082
-26.7	31.43	1153
-25.97	31.25	3715
-26.43	31.95	2255
-26.72	30.91	3232
4.4	18.52	1234
4.73	22.83	1687
5.97	15.63	3445
6.53	21.98	1971
4.25	15.8	1968
1.88	9.8	27
3.75	8.77	189
-7.97	345.6	291
-20.43	57.67	186
-19.76	63.36	196
-7.3	72.4	10
4	9.73	34
10.45	14.25	1433
7.35	13.57	3766
9.33	13.38	818
3.83	11.52	2539
-17.82	25.82	3330
-15.32	28.45	3895
-13.26	31.94	1937
-13	28.65	4290
-12.18	26.38	4686
-11.53	43.27	98
-12.12	44.43	64
-12.8	45.28	27
-20.88	55.52	71
-21.33	55.48	176
-18.8	47.48	4324
-17.08	49.82	7
-18.12	49.4	17
-12.35	49.3	385
-15.67	46.35	88
-13.32	48.32	34
-25.03	46.95	27
-12.58	13.42	112
-5.55	12.18	85
-12.81	15.76	5781
-12.38	16.95	5751
-8.85	13.23	250
-9.55	16.37	3861
-9.65	20.38	3651
-14.92	13.57	5954
-1.87	11.02	298
0.72	10.23	91
2.08	11.48	2028
0.7	8.75	10
0.57	12.87	1721
0.45	9.42	41
-1.65	13.43	1491
0.83	12.72	1633
-2.85	11.02	281
0.38	6.72	27
-19.8	34.9	27
-19.12	33.47	2471
-23.87	35.38	47
-13.3	35.23	4611
-25.92	32.57	132
-15.1	39.28	1481
-12.98	40.53	341
-17.88	36.88	20
-16.1	33.63	541
-22	35.32	68
-4.67	55.52	10
9.15	18.38	1234
13.85	20.85	1843
8.62	16.07	1447
13.22	18.32	1129
12.13	15.03	997
12.38	17.05	1014
9.37	14.92	1579
18	19.17	794
-20.02	28.62	4483
-21.02	31.58	1450
-18.1	25.85	3587
-17.92	31.13	5000
-16.52	28.88	1751
-20.07	30.87	3699
-19.45	29.85	4828
-18.63	27	3648
-15.68	34.97	2590
-9.95	33.88	1788
-13.78	33.77	4155
-11.45	34.02	4229
-29.45	27.55	5514
-26.69	16.32	5004
-22.5	18.97	4875
-19.6	18.12	4770
-23.57	15.05	1352
-17.63	24.18	3330
-26.53	18.12	3607
-26.68	15.25	440
-24.61	17.93	3763
-17.88	15.95	3705
-28.58	16.45	14
-20.08	16.12	4476
-19.15	15.91	3719
-20.43	16.66	4987
-17.92	19.77	3661
-19.59	20.45	3895
-21.13	18.77	1498
-22.98	14.65	156
-22.61	17.08	5744
-22.48	17.47	5798
-22.57	17.1	5832
-4.39	15.45	1045
0.48	25.34	1461
-1.68	29.23	5247
-11.67	27.48	4314
-6.17	23.62	2140
11.42	352.5	1183
12.53	352.05	1285
16.27	0.05	896
12.85	348.77	446
12.38	354.53	1234
13.07	350.53	1126
14.43	348.57	159
14.52	355.9	933
15.17	352.72	916
15.23	350.65	794
13.4	353.85	974
11.35	354.32	1264
13.33	355.17	957
16.72	357	889
13.35	343.2	122
28.45	346.13	78
28.03	342.79	740
27.82	342.12	108
28.62	342.25	98
27.93	344.62	85
28.95	346.4	135
28.05	343.43	243
28.48	343.67	2089
35.28	357.05	159
8.62	346.8	85
11.88	344.35	132
6.25	349.65	61
30.33	350.6	250
28.45	348.85	774
33.93	355.02	1957
31.93	355.6	3496
33.88	354.47	1947
34.78	358.07	1582
33.57	352.33	210
34.05	353.23	284
23.72	344.07	37
31.52	350.22	51
27.17	346.78	20
33.37	352.42	696
33.6	352.53	325
34.99	356.97	592
31.62	351.97	1575
34.3	353.4	17
30.93	353.1	3851
35.18	356.15	91
35.58	354.67	34
35.73	354.1	64
12.55	343.73	88
12.88	345.03	34
12.4	343.25	54
14.65	343.77	24
15.38	344.88	68
14.13	343.93	20
14.73	342.5	91
15.65	346.75	51
16.65	345.03	20
16.05	343.55	14
12.57	347.78	602
13.77	346.32	166
16.6	352.73	909
18.1	344.05	7
20.52	346.93	764
20.93	342.97	17
9.57	346.38	88
16.73	337.05	183
16.14	337.11	71
14.92	336.5	237
16.83	334.33	68
8.98	38.8	7962
-3.32	29.32	2644
11.55	43.17	166
31.08	33.82	105
27.05	31.02	764
31.2	29.95	-7
31.52	30.17	183
22.18	31.62	649
30.13	31.4	216
27.15	33.72	54
30.58	32.25	10
25.67	32.7	314
25.55	34.58	260
31.33	27.22	85
31.27	32.3	20
28.68	34.07	4503
27.97	34.38	169
23.97	32.78	676
29.6	34.78	2532
28.23	32.62	71
15.28	38.92	7965
0.53	35.28	7167
0.5	37.45	5048
0.47	39.63	467
-1.32	36.92	5490
0.28	34.78	5173
0.1	34.75	3912
0.37	35.35	7384
0.67	34.78	5048
1.02	35	6390
3.12	35.62	1711
-2.27	40.83	20
3.93	41.87	778
2.3	37.9	4121
0.08	37.65	5254
-3.23	40.1	68
-4.03	39.62	193
-2.28	37.83	3381
3.53	39.05	3709
-1.3	36.75	6079
0.5	36.97	5947
0.27	36.1	6427
-1.13	35.83	6390
-1.32	36.82	5690
0.07	37.03	6440
-1.28	36.86	5497
-3.4	38.57	1957
1.75	40.07	825
32.1	20.27	443
32.9	13.28	37
27.02	14.45	1471
32.67	13.15	270
-1.67	29.25	5261
-1.97	30.12	5041
-2.47	28.92	5379
13.17	30.23	1941
19.43	37.23	467
4.87	31.6	1555
15.6	32.55	1291
-3.33	36.62	4689
-1.33	31.82	3844
-6.87	39.2	186
-6.17	35.77	3783
-7.67	35.75	4821
-4.88	29.63	2982
-3.42	37.07	3012
-8.93	33.47	5761
-6.83	37.65	1778
-3.35	37.33	2887
-10.27	40.18	382
-1.5	33.8	3878
-2.47	32.92	3851
-5.25	39.82	85
-4.08	37.72	2948
-10.68	35.58	3607
-7.95	31.67	6099
-3.5	33	3719
-5.08	32.83	3993
-5.08	39.07	132
-6.22	39.22	51
3.05	30.92	4070
0.05	32.45	3905
2.75	32.33	3732
0.45	33.18	3972
-1.25	29.98	6312
0.18	30.1	3242
2.25	32.9	3688
0.62	30.65	4774
1.68	31.72	3874
1.72	33.62	3827
0.68	34.17	3956
34.49	271.8	595
38.1	253.83	8063
46.02	267.11	1051
39.6	244	6140
48.88	260.38	1880
48.3	257.59	2312
36.37	277.83	1643
39.8	254.23	13905
34.99	253.99	6386
33.6	262.22	1136
31.04	273.69	325
31.3	270.19	274
29.98	267.92	17
48.05	237.19	115
37.14	280.98	615
36.65	276.78	1454
30.22	263.63	318
41.01	285.26	598
45.9	265.13	1373
34.34	276.87	916
34.18	276.44	980
35.22	276.58	2083
36.62	276.27	1190
32.44	273.49	233
29.35	270.57	3
34.15	262.88	869
39.07	271.47	605
39.34	273.97	730
30.83	274.4	88
37.77	262.89	1406
30.09	269.42	7
34.28	272.4	960
43.78	288.25	521
46.8	239.83	3137
31.61	269.59	504
46.33	240.03	791
44.42	287.98	734
38.43	254.89	5609
46.93	256.02	2840
40.05	253.63	7637
45	267.15	964
40.81	284.24	551
30.3	276.98	108
29.66	278.31	51
41.22	278.75	1234
48.78	262.37	920
46.17	261.92	1376
35.68	284.1	10
39.58	280.67	3022
37.36	272.6	453
30.6	275.45	233
40.1	257.76	3780
38.32	283.45	149
45.57	256.48	2978
40.75	253.73	8398
40.48	248.57	5808
34.26	273.14	994
34.4	241.4	1819
37.67	262.92	1369
45.14	272.81	798
46.67	246.85	4064
38.91	277.9	663
33.6	276.87	696
37.92	258.25	3425
39.16	270.33	710
40.45	253.25	10957
47.26	264.07	1281
30.24	267.33	24
29.91	263.05	335
46.62	290.47	1062
30.07	276.44	47
29.85	277.95	203
47.45	260.85	1657
34.31	275.58	1258
34.63	275.47	1532
34.69	273.99	669
33.39	275.67	909
34.47	274.28	903
37.62	250.53	6221
39.05	254.48	11623
29.78	266.82	0
34.1	254.32	6697
38.37	249.28	4442
40.33	277.47	1227
39.63	273.19	869
36.4	269.35	304
34.3	256.2	4483
33.92	265.13	487
30.47	272.12	95
35.8	252.82	7120
30.73	273.85	298
33.47	270.27	375
29.72	261.3	1430
47.79	260.07	1657
37.34	271.89	669
30.44	266.53	85
39.43	252.62	10927
31.88	253.3	4236
28.86	259.49	913
35.7	280.5	632
48.73	243.7	2407
29.64	263.48	250
32.57	275.75	686
33.23	275.72	987
43.98	286.9	504
37.63	274.76	899
37.86	278.08	1717
30.36	264.99	156
30.05	257.79	2390
31.32	273.6	318
38.78	253.78	10125
46.22	259.75	1832
29.95	269.92	30
29.7	268.9	7
29.78	267.87	17
37.97	282.25	362
43.84	269.86	936
41.15	255.87	5308
34.23	273.74	1065
45.67	263.01	1197
48.6	246.89	4797
38.66	281.29	991
48.94	262.1	980
33.63	276.15	818
34.69	274.71	801
48.48	260.76	1525
29.1	269.8	7
34.97	242.13	2370
44.02	267.52	1200
43.8	260.68	1792
32.51	272.62	227
40.16	270.67	615
29.73	274.98	20
37.75	262.78	1461
41.48	239.43	4507
40.65	284.57	396
38.75	255.7	6221
32.42	260.32	1846
35.05	253.38	5477
45.45	261.57	1339
31.53	275.82	199
44.99	274.82	642
32.11	275.81	483
41.25	289.93	51
30.75	267.31	112
44.07	266.45	1160
31.62	262.78	524
40.98	235.9	223
39.45	285.43	68
46.45	264.79	1413
34.1	266.93	189
41.87	276.07	825
34.8	263.33	1048
34.3	262.98	784
32.97	263.17	663
41.7	265.08	1325
38.82	283.13	291
35.15	253.22	6011
38.82	253.88	8188
43.68	266.63	1295
31.33	267.45	91
38.97	255.18	6772
40.13	279.72	1220
40.61	264.13	1197
42.8	288	1072
42.71	249.06	6410
35.02	279.92	308
32.98	262.68	744
40.35	280.07	1291
33.37	278.03	152
33.95	276.68	835
41.23	263.4	1264
42.05	257.2	4050
38.24	251.44	6123
40.12	274.38	947
45.01	270.87	1569
33.65	278.31	544
41.4	264.95	1217
46.55	266.32	1241
38.1	267.45	896
38.61	272.27	443
43.67	249.97	33805
33.9	242.4	551
34.5	276.44	1491
38.79	251.94	5352
35.2	278.85	822
40.17	256.78	4838
36.99	283	115
41.04	278.53	1099
42.75	286.2	301
27.73	261.97	183
31.6	249.57	4912
32.83	254.02	4324
38.9	269.95	561
42.55	267.6	896
37.45	254.13	7772
46.1	241.72	1241
32.91	274.04	707
35.23	258.3	3715
31.53	277.5	206
43.33	275.32	778
42	266.39	984
33.58	274.15	629
34.5	277.28	805
45.15	266.78	940
46.49	275.63	737
38.53	253.95	7752
41.64	274.92	1024
42.58	260	2667
40.71	275.98	1004
40.3	281.68	1548
39.57	255.15	6062
38.22	237.72	34
26.15	278.23	10
39.47	283.83	61
45.07	276.43	710
26.97	260.75	436
30.78	261.34	1136
45.23	264	1051
34.4	263.85	609
31.67	266.55	375
42.7	286.83	680
33	278.73	166
30.03	268.12	24
42.22	276.26	865
36.13	269.08	281
29.25	263.85	105
41.77	271.53	727
44	283.98	335
45.93	270.27	1677
32.41	279.37	10
30.33	270.18	27
39.22	253.13	8053
36.18	265.88	1393
42.78	288.48	206
36.3	282.83	71
32.52	265.7	369
33.57	273.95	544
46.15	236.12	24
41.27	274.16	876
46.55	269.08	849
33.65	275.58	1065
27.2	269.97	33805
32.91	255.5	3658
30.32	262.24	669
44.25	271.48	947
44.9	262.85	1802
29.93	269.87	7
44.32	290.2	362
40.9	262.02	1859
43.67	267.07	1268
38.95	238.92	1579
32.62	274.57	798
30.19	262.32	558
44.93	270.37	1237
36.7	281.95	1454
36.77	261.33	1518
35.43	277.45	2235
41.33	284.27	977
32.41	248.78	2093
33.4	241.58	1650
41.28	268.33	778
35.14	269.77	220
48.17	237.83	142
43.08	265.73	1258
29.51	264.52	71
45.87	264.6	1467
29.25	270.03	7
34.7	260.67	1477
40.49	275.7	940
36.42	254.71	8635
31.25	277.6	156
36.95	247	5024
31.88	277.35	264
42.23	274.45	899
39.13	238.57	115
46.94	261.98	1444
32.5	266.33	172
42.15	287.28	281
39.27	274.1	676
38.35	240.49	6954
43.78	277.01	791
29.72	261.95	659
45.32	264.35	1072
31.18	260.68	1883
27.84	263.99	33805
36.53	266.8	1342
34.62	280.27	152
41.43	260.35	2624
37.22	279.58	2198
37.7	247.85	7816
44.25	269.15	862
26.38	279.89	14
48.73	265.38	1116
37.58	250.52	6048
45.12	264.87	835
41.93	287.32	203
44.09	238.8	3567
41.17	286.87	17
40.03	254.77	5450
28.37	262.22	277
42.47	288.72	139
42.13	273.57	663
41.8	281.37	2208
41.87	256.4	4077
47.53	237.7	17
35.43	240.95	507
30.63	271.93	27
47.2	268.6	1119
35.7	258.6	3148
30.97	275.36	145
35.18	273.93	1007
42.22	284.02	1680
44.8	291.17	199
44.45	291.63	88
31.72	278.39	210
46.35	255.75	3063
33.57	273.25	649
41.17	288.42	112
40.3	263.25	1362
31.85	253.62	4070
37.37	241.63	4270
31.4	275.1	220
45.8	251.47	3678
46.77	259.25	1711
42.75	273.9	707
30.42	271.08	34
39.92	254.88	5828
47.5	265.07	1420
40.88	278.12	1170
37.62	243.74	5937
31	267.03	318
32.72	261.11	1322
44.83	242.18	3472
39.72	255.25	5835
41.52	278.32	602
36.75	262.65	1062
27.21	261.88	115
37.08	282.05	440
28.47	277.55	68
37.78	278.88	2590
44.3	263.18	1697
37.3	278.8	2945
33.62	245.28	409
48.8	237.47	162
40.18	285.87	162
39.28	239.28	5446
38.55	270.15	467
41.55	247.94	4358
39.15	273.38	872
40.48	271.08	903
44.58	288.82	1193
30.74	261.77	1322
30.07	265.78	34
36.13	273.32	609
33.26	278.61	254
43.58	241.05	4297
42.05	266.15	1197
43.57	243.78	2955
42.07	235.71	473
42.37	288.98	237
27.95	278.22	132
35.89	258.97	2857
32.22	258.48	2651
42.57	249.9	7181
36.37	267.54	957
29.95	265.98	24
31.25	278.53	27
32.75	268.12	172
28.5	264.28	101
46.4	265.87	1264
40.78	268.87	720
25.9	262.57	20
41.41	263.89	1366
42.3	274.75	980
45.95	247.5	5714
40.78	280.05	1285
30.53	268.85	71
44.47	286.85	352
42.93	281.27	727
34.2	241.65	798
42.69	271.7	801
36.05	280.52	632
29.33	270.6	0
40.77	279.6	1291
41.73	261.94	1859
36.77	263.98	737
48.47	237.58	149
35.95	245.14	2269
35.73	268.35	477
42.58	289.08	112
31.8	261.05	1427
36.97	273.58	565
39.18	283.33	159
46.25	263.38	997
30.81	270.14	122
33.42	247.31	1065
44.38	253.28	5119
35.97	270.05	264
42.55	246.23	4277
36.8	275.8	1214
35.28	243.38	2421
28.97	264.14	47
45.78	248.85	4611
41.43	271.58	602
43.11	270.47	957
43.53	270.02	933
41.02	270.61	585
44.28	274.58	1346
33.95	278.88	233
40.5	252.47	6474
40.92	278.57	1275
36.45	256.85	5122
46.87	291.98	642
42.75	266.23	1197
39.62	281.23	798
41.27	264.23	1291
45.57	266.73	970
39.43	258.95	33805
33.65	271.55	227
35.6	267.55	531
33.31	275.23	1001
37.98	237.95	24
39.47	253.85	12441
43.07	267.38	1160
44.57	287.98	1224
37.7	246.9	5795
48.27	267.52	1153
33.62	267.23	135
39.82	266.42	791
34.28	279.43	311
42.83	256.9	3398
34.43	259.72	2012
40.88	285.72	179
41.78	235.77	57
42.2	287.47	254
34.68	277.12	920
30.78	273.48	220
36.66	271.63	595
37.3	251.37	6096
30.72	263.67	379
45.16	266.16	997
39.98	273.08	825
43.47	276.55	723
37.08	264.43	764
28.87	277.43	10
38.54	283.97	20
41.57	278.52	906
37.23	270.43	352
38.98	283.08	51
32.95	248.23	1508
35.03	274.8	710
33.27	248.19	1281
35.1	262.03	1187
38.13	281.55	659
32.9	279.97	51
39.8	238.15	247
41.88	268.28	896
42.05	265.22	1268
37.06	270.78	331
46.25	275.53	825
38.53	282.13	321
39.3	279.77	1241
47.84	269.64	1853
31.99	276.23	321
33.72	280.15	71
34.3	269.49	179
47.85	263.38	923
42.73	264.44	1264
36.62	272.58	568
40.39	284.71	585
41.42	278.15	815
44.62	271.29	849
35.53	261.07	1663
30.58	263.63	331
48.12	236.5	298
46.68	237.02	183
35.22	279.07	791
27.98	277.24	74
34.22	240.92	78
34.27	273.14	997
40	277.12	842
40.03	271.72	778
35.3	247.8	6883
47.17	271.5	1112
43.96	269.26	862
44.73	263.73	1231
41.03	266.63	1082
34.31	275.58	1258
39.55	262.35	1528
32.33	255.73	3394
33.97	242.37	669
37.67	264.52	1031
31.63	262.93	527
38.75	250.25	4693
44.52	250.98	5250
47.77	243.18	2390
28.23	279.4	10
31.84	260.6	1748
43.2	288.5	355
46.7	267.5	1319
38.82	255.28	6359
28.45	260.78	487
38.82	267.78	926
34.28	281.29	101
36.66	283.68	20
42.9	253.53	5484
38.57	269.85	426
32.35	262.57	879
38.15	239.35	1369
37.45	253.2	12117
35.72	263.18	1014
35.02	254.35	7303
30.47	272.12	95
47.83	267.32	1366
34.02	241.71	189
34.72	280.05	247
41.68	290	64
33.82	281.28	34
30.33	278.48	41
28.91	266.7	33805
27.77	262.5	44
33.13	242.72	338
32.03	263.62	463
38.37	278.4	1011
34.92	271.4	440
32.52	275.07	409
35.33	260.8	1981
41.02	265.63	1332
35.95	274.92	1937
48.6	247.63	3972
33.63	274.85	1197
29.62	276.9	44
34.98	281.64	152
33.98	279.01	220
35.95	263.23	943
38.09	271.88	399
43.73	256.38	5771
29.34	261.15	794
33.63	276.15	835
39.05	275.33	903
36.89	238.59	237
34.43	256.92	4341
44.5	236.72	254
34.38	256.68	4425
29.78	266.7	33805
45.3	274.73	690
44.78	270.33	1315
33.85	261.52	1031
30.22	266.85	14
41.83	269.67	730
38.45	255.49	6897
32.2	278.13	115
36.79	281.5	517
30.36	264.6	254
39.19	240.27	4848
31.21	275.76	183
40.22	283.15	358
41.15	255.18	6329
45.67	238.12	156
34.46	275.06	676
28.52	260.18	615
32.62	243.53	2711
45.02	258.02	2661
46.12	270.12	1660
45.71	265.07	1281
48.93	256.7	2008
48.75	261.61	1657
46.81	258.14	2154
48.38	257.1	2340
43.07	276.73	862
38.72	282.82	71
29.18	278.95	37
34.85	243.22	1985
32.85	263.15	500
36.57	280.67	588
43.28	289.07	331
39.9	275.8	1035
32.57	277.02	318
42.4	269.3	1112
38.85	282.97	68
34.79	278.8	676
34.66	273.06	612
38.7	272.87	483
37.77	260.03	2671
42.89	286.75	845
39.83	271.13	703
29.07	278.72	81
43.28	268.27	1193
39.83	255.34	5595
34.05	266.4	358
42.42	276.98	646
47.97	242.59	2272
41.34	275.57	730
32.9	262.97	615
42.79	254.62	5078
31.32	274.55	412
36.02	257.45	4111
43.74	248.9	6417
46.8	257.2	2667
41.93	271.29	943
42.5	280.72	713
31.3	264.6	358
35.97	276.13	859
29.37	259.22	1116
46.85	267.82	1471
43.53	270.24	1007
45.25	247.45	5399
29.12	270.45	757
45.62	238.83	250
40.28	276.89	974
32.17	249.12	2786
39.28	283.39	10
32.27	252.28	4439
38.71	266.84	926
39.6	283	815
31.17	267	385
33.47	277.97	440
34.72	275.13	730
41.98	264.62	1312
40.21	272.4	717
39.13	284.53	30
41.92	271.75	781
40.2	247.07	4483
35	282.02	142
31.48	277.14	264
36.62	243.98	3411
30.83	266.66	210
46.01	276.26	686
37.15	252.25	6890
29.37	259.08	1058
41.53	266.35	994
42.58	282.28	707
39.38	247.5	4906
46.83	264.12	1440
32.53	266.25	186
33.2	262.82	666
30.41	273.54	24
42.23	276.67	683
33.94	263.61	720
43.55	250.31	7519
34.47	262.04	1146
31.47	250.4	4277
41.74	276.34	690
41.18	281.1	1873
35.86	257.99	3817
37.58	275.23	1055
48.12	261.08	1498
41.62	269.42	876
38.14	237.44	3
43.99	264.22	1673
33.68	247.92	1521
30.07	264.45	156
38.55	277.26	561
41.04	252.51	6748
41.37	286.52	470
44.99	263.82	1116
32.46	272.05	115
33.06	279.72	57
40.33	284.88	406
36	270.6	348
32.43	260.15	1843
46.73	267.97	629
30.53	261.64	1126
34.85	276	1968
32.33	257.47	3269
37.08	238.4	291
36.9	253.42	8090
30.38	256.32	4652
34.65	253.17	5352
42.06	255.07	4922
40.73	261	2194
47.4	239.8	1281
44.87	268.52	933
34.1	277.18	622
26.44	261.87	81
42.43	266.13	1156
36.27	283.82	14
30.35	274.2	91
43.88	255.68	4300
29.95	259.83	2451
30.4	262.43	636
36.03	283.43	20
40.37	276.18	1156
31.3	274.1	372
38.53	238.21	71
34.9	242.12	2373
34.77	245.38	1021
42.9	287.73	504
40.05	252.12	6616
33.18	273.22	602
29.6	264.83	34
44.93	287.8	788
42.62	270.41	1119
39.65	253.08	6738
30.65	273.48	199
45.94	270.74	1690
37	258.1	3715
28.43	267.12	757
35.26	278.4	872
37.82	272.32	396
41.73	253.54	7522
40.02	254.95	5288
28.63	268.51	33805
41.72	274	801
38.88	280.15	2059
40.83	244.22	5291
36.86	275.14	994
45.27	248.35	5588
29.6	263.68	189
33.22	267.2	260
35.43	260.61	2076
42.17	283.1	984
47.03	239.47	1819
47.82	268.17	1498
31.8	253.6	4037
39.28	245.15	6454
42.12	282.02	2187
27.82	265.68	757
41.82	249.44	7512
38.33	263.82	1244
34.08	241.97	304
36.69	282.52	132
36.33	262.08	1346
38.52	270.92	551
40.73	245.97	4368
42.59	272.06	744
34.31	278.36	585
40.47	268.57	693
47.3	240.48	1312
37.77	263.18	1420
35.03	279.38	700
42.08	279.82	761
29.98	260.92	1667
46.31	274.54	896
45.75	272.97	632
31.4	267.7	115
38.8	284.07	74
43.4	265.25	1356
43.42	271.87	913
35.93	282.45	57
45.7	263.5	1058
31.95	274.87	294
44.12	236.78	385
43.63	243.37	2502
29.05	279.05	10
47.4	267.5	1423
38.05	272.47	399
41.28	248.97	7380
41.68	289.05	78
38.05	262.72	1579
35.07	282.95	20
40.7	285.83	30
35.78	279.7	788
39.84	273.72	849
34.6	281.42	139
24.55	278.25	20
38.27	282.55	88
32.21	276.87	314
44.79	271.44	838
34.23	260.72	1305
31.83	265.84	328
32.65	266.7	287
32.16	264.17	456
32.93	263.56	592
33.57	242.87	1393
37.13	283.38	14
37.77	269.57	974
46.9	263.2	926
36.77	240.28	338
34.98	281.12	196
35.13	281.07	250
44.33	266.68	1089
41.39	249.59	7252
36.73	240.18	287
37.41	282.48	243
44.83	266.55	933
38.68	255.23	6048
39.42	282.63	311
34.3	261.1	1295
34.31	278.89	595
41.02	276.33	835
42.25	270.42	886
41.45	263.48	1281
41.16	255.2	6342
36.02	284.33	14
33.37	275.45	1001
41.05	268.02	825
46.28	263.85	1220
39.83	275.95	849
38.18	275.1	798
43.44	274.01	794
33.47	248.27	1433
49.32	265.12	1109
38.54	276.26	940
30.62	278.53	17
48.52	236.98	112
31.6	249.65	4862
41.05	281.59	1562
29.47	278.79	34
42.55	288.24	362
43.68	267.82	1315
41.38	280.13	1586
36.7	283.1	41
40.27	273.44	886
44.63	273.8	652
43.77	271.51	815
35.13	248.33	7225
26.07	279.85	24
34.18	280.28	152
36.3	267.53	1183
38.95	255.43	7083
39.08	283.23	156
41.65	289.48	135
40.33	256.2	4709
36.75	251.77	5670
26.58	278.13	17
40.08	264.4	1014
40.45	254.98	5169
42.97	276.25	788
38.66	271.55	487
42.55	265.82	1200
38.95	264.33	1112
40.85	287.37	68
40.55	235.87	406
47.78	266.35	1390
42.57	275.19	920
27.5	279.63	24
35.43	278.06	1112
40.73	286.58	85
39.05	263.23	1099
43.65	265.58	1197
38.92	281.75	727
43.58	263.25	1471
47.59	264.23	1315
34.65	261.6	1224
35.33	265.63	477
44.94	286.9	237
30.91	257.09	3104
40.67	268.67	747
39.78	255.45	5778
37.9	274.03	778
28.21	259.98	798
32.82	262.63	730
33.78	275.48	865
33.87	242.02	98
47.28	291.68	1018
37.35	281.57	423
40.98	274.81	852
36.7	266.6	1390
38.38	271.59	450
41.21	285.37	433
32.57	262.7	788
42.51	251.22	33805
26.2	279.82	14
43.23	266.38	1268
38.59	269.01	504
37.52	283.24	24
35.06	273.44	1014
36	265.83	1288
31.68	276.73	375
43.3	283.61	467
33.97	273.92	585
48.4	262.63	849
36.3	260.23	2292
39.17	282.83	554
29.44	269.74	0
38.35	261.13	1944
40.93	269.57	788
27.2	267.8	757
32.88	247.28	886
44.35	254.47	4158
44.38	241.03	3810
37.93	259.28	2978
36.29	264.52	747
35.95	247.85	6809
44.75	264.44	1078
32.44	262.19	801
31.83	255.2	5619
47.13	255.2	2532
38.68	284.63	54
47.63	242.47	2438
33.53	247.7	1099
36.43	278.58	3276
44.5	252.07	4054
39.58	275.8	828
47.5	248.82	3634
47.95	262.82	869
43.33	286.38	338
33.31	280.68	41
32.35	265.35	419
41.71	267.27	1038
40.71	273.63	761
48.22	253.38	2367
27.84	268.01	33805
42.1	289.33	14
45.65	264.68	1437
45.94	243.88	3415
28.05	278.25	149
39.13	251.47	4912
41.64	279.79	1447
35.86	276.47	1045
32.67	262.92	649
39.37	258.3	3800
33.65	262.8	865
33.48	269.02	135
45.02	275.31	1369
29.3	265.2	54
37.03	274.05	737
38.36	266.32	849
36.61	265.26	859
34.85	277.65	1078
47.73	269.67	629
32.68	257.35	3415
33.83	270.2	213
45.47	290.65	1068
35.17	252.1	6718
29.68	277.73	156
35.8	262.6	1106
41.33	287.95	10
39.22	239	3249
31.42	262.2	933
44.68	275.27	1193
39.33	265.69	801
48.3	245.74	3063
32.7	262.95	609
30.4	270.93	30
47.22	266.48	1396
44.48	271.87	723
34.25	277.84	649
47.08	237.42	311
40.97	261.68	1914
31.07	262.17	1045
42.88	274.48	828
27.62	269.56	33805
35.33	282.03	112
41.53	274.22	852
36.08	280.05	913
34.88	277.78	977
44.05	284.27	700
47.48	248.63	3770
33.45	271.42	270
30.68	262.32	811
38.53	253.07	7908
27.3	266.47	757
35.52	251.22	6667
42.26	255.27	4537
40.65	273.85	835
36.69	258.49	3219
38.16	281.83	467
34.26	276.17	1305
33.07	263.93	551
28.58	265.02	33805
41.31	274.94	906
33.5	269.92	159
46.22	262.36	1305
35.46	282.04	139
34.57	242.33	3120
32.89	247.28	909
40.43	255.37	4801
30.17	263.02	500
34.75	277.62	987
33.71	263.33	771
44.75	265.92	1021
33.42	247.63	997
41.62	272.58	609
31.42	272.97	267
35.29	264.91	619
32.37	260.98	1765
35.15	272.94	710
37.97	267.32	1095
28.18	271.52	145
39.73	268.56	791
37.51	237.5	68
41.96	274.41	849
39.37	275.49	652
31.31	270.68	210
35.65	280.1	693
34.98	260.95	1613
27.35	261.26	683
44.87	265.62	1092
48.76	263.07	845
30.52	269.58	44
40.46	260.67	2383
40.48	252.78	6802
29.37	260.83	957
38.72	282.48	199
46	257.35	2799
40.57	257.73	3844
31.35	274.33	328
31.62	268.7	281
41.73	287.35	20
35.03	280.5	389
36.91	265.99	1356
39.7	282.27	727
35.9	259.6	2468
40.85	274.54	832
33.92	241.67	64
26.94	265.31	33805
34.03	264.46	588
47.38	267.17	1393
44.35	288.45	1078
41.12	248.03	4933
34.45	245.64	497
45.53	237.05	210
40.15	262.41	1511
36.32	240.38	254
35.93	270.17	264
32.33	269.78	348
35.73	278.62	1224
39.38	260.17	2292
40.18	279.35	1234
46.6	248	4016
31.15	262.28	957
36.77	279.18	2813
32.85	253.9	4219
46.57	240.4	754
40.09	281.49	1197
38.25	273.05	544
35.97	244.87	2532
41.58	264.66	1268
36.36	281.47	544
32.68	256.78	3770
31.05	277.22	193
44.38	261.78	1329
36.67	272.5	588
34.48	266.9	558
29.65	264.72	47
41.07	286.3	453
37.16	258.63	3229
27.96	266.33	33805
46.97	236.07	14
33.53	277.48	514
32.75	263.47	460
45.83	240.75	659
35.38	281.27	203
26.23	262.35	37
36.27	266.85	1406
30.43	273.32	41
34.87	257.67	3901
30.37	270.55	24
37.81	271.45	409
35.6	262.29	1231
35.22	284.38	10
43.71	251.61	5044
40.6	261.57	2015
37.95	280.17	3908
25.48	279.62	7
34.65	273.23	663
44.35	275.33	1190
40.98	287.75	57
38.37	277.45	862
34.68	273.32	707
39.45	272.68	602
46.12	292.2	507
29.57	269.33	10
38.07	262.13	1589
38.42	249.3	4581
41.27	287.12	14
48.55	250.23	2678
34.4	279.88	375
37.67	237.88	47
26	279.76	10
40.83	287.13	85
38.59	282.29	345
32.22	279.3	20
41.67	289.72	54
29.9	262.13	615
46.16	268.55	1251
38.85	260.73	2059
33.83	280.88	37
43.43	276.14	619
36.09	271.54	511
47.29	258.42	1870
40.99	284.01	1653
30.72	268.52	41
46.62	266.69	1264
41.77	279.2	950
37.6	278.44	1839
36.86	276.64	1599
37.63	275.67	1031
39.99	269.2	754
39.26	275.23	602
39.08	275.79	869
41.05	266.32	1146
37.62	262.73	1413
38.95	282.55	331
43.1	281.05	609
29.97	264.65	112
41.19	256.32	5075
40.72	264.97	1024
43.38	260.15	2099
37.65	262.57	1379
43.52	247.93	4885
40.63	280.9	1450
37.16	264.22	849
43.03	257.5	3432
31.76	266.9	118
42.47	266.73	1173
35.11	245.5	554
35.27	246.05	3492
41.54	272.47	636
35.94	280.93	527
42.45	268.05	1007
33.78	277.18	666
41.73	287.82	257
39.77	269.76	642
41.07	272.15	649
28.52	271.71	33805
41.7	266.45	930
43.66	275.74	656
31.08	262.32	872
39.68	284.4	81
34.27	282.1	34
39.43	276.2	1102
40.52	258.38	3374
26.43	278.6	37
38.76	274.54	845
45.82	271.88	1217
39.73	273.73	832
28.8	277.68	68
32.08	262.91	707
31.78	256.8	2904
48.57	266.62	1220
36.53	244.1	3219
36.13	279.78	1001
35.02	249.27	5031
38.06	276.02	1051
41.63	268.46	669
35.48	279.16	903
32.83	244.42	-57
28.08	272.02	757
41.25	283.08	541
40.1	267.45	994
41.82	274.57	953
28.29	278.56	85
48.17	256.4	1957
35.33	282.38	98
40.8	286.9	101
45.97	273.83	707
44.36	270.16	1051
42.48	283.55	1133
39.24	257.71	4344
33.32	248.35	1427
46.53	269.87	1268
43.96	290.29	68
36.33	282.36	149
38.83	265.12	1119
29.98	267.92	17
35.67	242.17	2532
34.6	239.93	693
43.98	289.05	460
43.61	249.26	6640
32.32	269.92	341
38.38	239.21	1744
30.89	265.97	220
36.33	275.84	1217
30.5	278.3	30
35.83	269.35	270
34.18	276.44	980
30.5	260.23	1765
32.74	264.5	446
47.33	253.07	2742
38.58	267.85	565
42.73	245.56	4172
31.55	278.12	112
40.65	286.22	24
33.9	272.69	497
37.06	278.2	2735
37.24	283.28	51
37.59	258.27	3428
42.15	280.73	1775
30.29	272.33	17
46.84	263.34	947
37.6	276.68	1423
37.15	265.5	1011
45.89	266.74	1041
46.93	261.32	1545
35.54	281.61	169
41.52	271.82	598
35.39	279.29	710
31.87	264.78	696
40.32	281.17	2353
35.44	265.2	544
34.13	250.69	7269
42.62	270.97	832
32.3	269.59	254
35.86	261.58	1596
36.18	273.11	511
32.46	263.09	734
32.7	265.05	426
42.27	275.53	1031
43.99	265.45	1099
32.65	278.4	193
41.92	275.42	1217
39.08	282.45	402
40.9	262.38	1721
32.7	280	17
34.45	275.54	1582
37.87	264.61	1048
46.12	237.1	17
33.35	242.75	730
34.27	243.15	6961
30.17	269.06	14
38.07	257.32	3817
40.42	273.07	625
27.98	277.98	145
35.88	253.72	7367
42.77	275.4	899
41.32	254.33	7499
36.08	244.83	2245
34.57	261.58	1143
33.93	241.6	108
33.65	258.18	3340
40.28	280.6	1220
41.13	259.32	2870
37.05	259.03	2972
33.59	264.94	453
34.6	281.05	128
29.12	264.53	27
42.25	263.02	1474
30.12	266.78	34
43.57	288.58	561
39.82	277.07	767
30.18	277.42	206
40.62	285.76	24
43.96	273.59	666
48.55	250.32	2620
43.63	287.7	615
28.82	278.19	81
44.05	289.72	298
38.05	275.4	1018
37.08	283.63	10
31.23	265.25	298
30.2	268.02	44
40.78	286.12	10
33.82	241.85	41
33.01	274.93	713
45.28	242	2796
41.78	248.15	4591
30.87	263.38	294
38.91	239.35	122
39.73	277.35	0
31.88	278.43	47
38.05	256.48	4368
36.02	281.67	382
39.27	256.33	5528
34.73	267.77	267
45.1	265.5	1173
34.72	279.15	504
38.01	282.03	507
42.17	239.6	4872
44.52	245.78	5227
33.64	268.25	277
40.17	254.83	5210
42.15	238.27	4216
32.57	263.28	517
42.82	251.27	5727
40.85	263.25	1224
46.15	270.78	1758
41.68	278.62	646
36.98	277.47	2762
43.22	269.82	740
40.12	283.7	416
40.07	241.43	4023
40.14	284.73	311
31.35	274.25	250
41.61	271.91	693
38.23	274.33	565
37.08	275.92	1248
34.67	239.53	91
41.35	277.82	818
34.81	277.3	1045
27.55	260.53	524
34.92	267.85	321
42.78	263.8	1234
32.9	280.22	14
32.28	253.08	4591
32.33	251.31	4419
43.87	268.75	683
32.33	275	240
42.75	255.6	5115
36.23	244.97	1927
34.67	260.73	1420
38.67	281.5	930
33.25	262.42	1078
33.53	247.62	1122
39.1	275.58	497
31.67	270.83	247
44.89	268.13	923
34.51	278.05	717
29.53	264.77	44
37.7	238.18	409
36.77	282.21	338
45.7	249.55	4797
44.63	266.77	991
35.65	254.85	7083
42.35	273.75	686
37.87	279.6	2373
39.02	264.78	855
40.64	266.1	1166
42.72	288.88	152
46.38	242.98	1481
47.05	250.53	4294
38.77	272.41	443
45.95	265.65	1156
40.8	260.24	2485
38.95	265.63	1035
39.22	253.68	10230
31.64	263.49	561
37.33	280.8	967
43.62	263.78	1474
33.98	276.04	1092
31.11	261.8	1251
35.21	270.96	514
35.64	268.82	247
36.77	271.42	538
37.19	271.25	396
33.87	271.51	233
32.07	253.85	4338
34.1	266.93	189
36.54	273.08	727
36.98	240.1	260
31.95	257.78	2948
30.84	274.82	115
43.58	243.48	2613
34.18	280.67	95
36.6	270.01	304
45.55	259.59	1765
44.27	273.75	639
32.44	269.9	335
43.53	275.92	690
31.18	269.53	426
38.67	238.6	78
45.87	275.37	764
37.28	239.48	159
27.85	277.48	14
39.32	265.28	1055
29.72	264.6	233
40.2	259.42	2657
32.7	276.35	372
28.43	278.68	108
43.15	266.67	1251
40.71	273.23	696
32.04	257.9	2887
37.78	270.75	423
28.65	270.2	757
34.86	273.44	778
44.02	262.91	1768
40.2	283.23	318
41.78	272.25	642
45.22	269.69	1504
34.78	281.37	227
45.52	241.6	4179
32.33	271.25	318
35.05	270	294
37.38	239.43	193
39	240.25	4865
34.55	265.8	1112
40.82	277.48	1335
26.18	261.77	112
44.63	269.82	1281
42.37	237.13	1369
37.65	284.23	51
41.7	273.18	676
33.92	275.48	1102
45.23	266.02	1058
41.51	285.73	375
32.3	273.6	210
45.43	275.09	707
31.08	276.2	298
39.65	280.08	1285
39.59	275.77	991
43.77	261.97	1342
39.13	263.33	1089
39.1	266.8	801
38.55	238.7	98
41.32	237.68	3651
42.93	288.57	240
35.07	241.85	2870
25.79	279.68	14
48.42	258.65	1717
45.07	266.65	896
40.25	274.6	967
29.3	271.16	2667
27.28	263.27	101
39.37	284.93	85
42.11	267.09	1004
43.65	265.02	1491
39.91	285.7	85
39.12	265.4	781
42.95	272.1	713
43.17	273.75	652
36.9	278.65	2637
35.6	271.08	446
31.92	261.4	1430
35.65	264.63	629
33.19	279.96	74
44.22	266.08	1051
26	278.33	7
28.1	279.35	37
34.88	264.22	794
41.2	263.89	1082
38.43	246.98	5183
41.45	269.48	612
33.15	276.77	396
47.45	244.32	6211
46.43	254.13	2708
45.65	291.32	419
32.52	267.97	81
37.62	241.17	7346
35.4	275.44	899
41.51	287.17	105
44.45	264.18	1214
33.92	279.2	260
40.8	285.58	193
45.2	236.87	162
32.65	266.7	287
39.22	255.37	7275
33.58	279.78	108
45.13	272.37	646
40.62	276.93	1024
35.55	275.62	1062
31.67	261.85	1339
30.68	271.75	227
37.63	239.05	101
43.62	275.26	778
36.18	276.62	1352
48.27	258.72	1768
45.57	264.03	1163
41.14	284.62	1951
44.2	287.43	1200
40.95	268.49	757
40.52	269.35	730
42.21	288.89	649
35.92	284.3	14
39.84	274.1	889
39.98	284.13	680
36.02	273.48	561
39.4	282.02	575
35.55	272.82	696
30.37	255.98	5007
34.74	283.35	10
42.89	269.79	1214
35.82	278.38	1308
40.22	276.65	1055
36.58	238.15	260
34.75	272.38	568
43.13	270.65	882
46.92	245.92	3286
44.88	266.78	862
44.93	285.15	220
41.7	285.2	1447
29.98	269.75	30
42.62	277.17	598
24.73	278.95	7
38.5	252.1	5933
39.33	283.58	24
39.48	271.72	744
41.07	288.08	7
36.63	279.98	970
44.13	272.32	669
40.43	283.43	504
43.05	244.13	3087
41.37	268.85	565
44.97	264.28	1065
46.84	251.06	4581
44.53	287.39	754
38.32	271.13	494
41.4	289.38	71
37.75	270.98	487
43.12	271.97	767
47.2	240.68	1220
36.46	279.45	1285
32.78	261.93	1001
43.92	264.91	1454
44.27	288.7	6457
39.53	275.6	669
34.23	241.93	5879
34.53	266.43	723
32.38	273.63	172
42.23	268.83	876
32.82	242.87	436
39.16	268.18	849
44.88	243.9	5176
38.48	253.68	12397
33.68	281.07	27
28.22	270.38	757
39.1	238.43	64
39.86	263.37	1322
27.73	263.82	101
46.42	267.2	1109
40.3	274.59	886
42.6	283.79	1234
41.73	282.6	1951
47.65	258.57	1985
38.98	283.52	7
32.48	279.28	41
29.83	269.97	0
35.02	283.55	17
34.72	282.55	27
30.68	272.98	183
40.03	285.65	105
30.05	269.97	10
36.7	283.88	10
33.3	242.65	81
39.42	241.3	4054
32.78	262.56	669
27.7	262.72	20
36.93	283.72	17
38.28	283.6	41
35.68	242.32	2353
30.23	278.32	24
32.82	244.32	-44
34.68	282.97	24
34.9	283.12	30
32.85	242.88	433
36.33	240.05	243
32.55	271.43	328
28.23	261.28	267
27.9	261.95	264
48.13	236.6	17
30.35	272.68	30
35.35	270.13	331
27.5	262.18	51
24.57	278.32	7
30.4	278.58	17
32.57	242.88	24
30.72	272.98	206
33.23	240.55	521
34.12	240.88	7
36.82	283.97	24
33.02	241.42	186
38.13	283.58	20
37.42	237.95	41
48.35	237.35	47
33.29	242.54	91
34.3	243.83	2116
40.2	284.85	372
43	285.67	909
40.78	286.03	112
38.5	282.7	14
32.87	245.65	490
32.7	242.78	27
38.03	239.58	2184
40.71	237.1	2424
38.26	237.39	91
40.98	237.31	2465
34.83	282.38	98
37.73	237.78	10
27.27	279.15	37
29.17	277.78	91
31.58	265.28	365
44.87	272.09	622
35.57	282.95	41
31.92	257.61	3090
41.62	261.05	2133
41.94	274.95	987
45.31	267.31	930
41.12	264.08	1078
41.98	262.57	1592
37.7	282.57	213
41.12	258.24	3377
33.47	279.15	203
41.2	247.98	4605
35.54	261.33	1653
38.85	265.27	1129
33.22	242.65	27
35.4	262.4	1342
40.53	273.93	855
35.67	264.05	744
39.15	281.85	751
32.97	277.16	453
42.23	281.63	2201
48.1	254.42	2045
46.31	268.18	1136
46.97	237.1	206
31.42	249.15	4077
41.45	262.67	1488
34.98	270.21	412
38.72	271.82	497
42.68	268.03	1109
41.3	264.1	1011
38.25	281.95	480
48.47	240.49	1342
29.3	278.88	30
44.08	268.3	676
42.47	261.32	2093
34.02	253.1	4997
44.02	242.98	2258
44.58	235.95	162
34.05	242.4	970
36.4	283.98	17
42.1	276.85	609
41.23	267.5	865
25.9	279.72	10
30.56	267.9	78
26.83	263.06	33805
32.95	275.74	815
36.02	275.77	943
41.6	288.58	20
48.02	267.13	1342
42.98	263.93	1457
41.98	272.1	693
42.57	287.73	554
36.9	283.8	30
30.07	266.2	14
42.27	288.12	1041
28.55	278.67	115
48.71	237.09	14
33.1	265.04	375
44.45	276.6	652
43.97	271.45	832
40.08	276.93	933
43.65	264.42	1623
43.42	235.75	14
41.1	267.55	872
35.24	262.53	1224
39.49	238.38	199
44.78	264.97	1109
43.15	269.32	693
44.12	266.75	1183
37.73	272.83	419
42.18	288.82	51
36.18	263.85	920
38.3	284.88	10
41.48	286.87	751
41.33	273.34	707
34.2	240.8	44
41.3	266.88	957
30.73	258.8	2454
31.28	274.28	308
37.97	267.31	1095
42.63	276.02	991
32.94	248.57	1623
37.3	261.42	1582
46.41	273.35	632
44.02	277.2	619
47.45	272.1	629
44.55	249.58	8006
39.52	244.03	6738
46.15	244.4	1525
29.6	268.7	10
47.9	237.72	625
37.07	271.23	406
30.07	274.42	17
34.25	248.67	5315
37.47	237.88	7
34.18	268.07	213
44.65	286.53	243
45.7	269.6	1518
26.68	279.88	20
37.56	277.43	1515
28	277.84	159
41.52	277.13	609
44.33	270.98	849
43.02	268.88	680
33.88	275.7	1031
45.68	241.15	1542
45.6	237.4	41
41.4	267.05	913
42.65	282.95	930
31.38	256.49	2691
45.37	265.25	1217
28.95	261.48	446
36.93	248.55	4409
26.93	278.02	27
35.63	282.6	27
40.47	278.58	920
37.13	283.5	44
39.87	284.75	20
42.92	277.47	669
44.05	258.4	2275
36.34	271.62	598
33.43	247.98	1139
40.67	270.32	683
31.47	270.67	308
27.92	277.32	10
42.92	247.43	4615
26.17	262.64	20
32.84	275.12	930
44.38	259.72	1795
40.5	279.78	1261
39.35	278.57	886
46.9	264.93	1488
28.65	263.32	30
45.57	275.2	740
47.1	237.71	554
34.63	241.92	2617
26.25	279.88	24
34.36	270.11	227
40.95	264.08	1237
42.8	250.19	7303
36.73	262.9	1038
40.08	284.98	125
45.56	266.41	1007
30.47	272.82	125
40.92	271.37	680
35.17	280.98	223
34.1	242.22	1041
31.05	266.8	338
36.77	269.68	338
41.63	286.12	172
41.22	278.75	1234
44.87	251.21	5250
35.61	259	3344
37.3	264.5	926
41.57	273.27	838
39.64	269.22	730
46.68	291.95	494
30.47	271.47	20
43.98	263.68	1788
35.67	239.37	862
34.65	247.58	5196
39.7	272.33	673
31.85	273.38	467
41.83	265.84	1045
29.63	255.64	3029
33.63	264.55	565
46.27	240.88	419
42.44	286.7	1231
37.13	279.32	2170
43.08	289.18	105
31.78	264.29	436
37.28	252.95	7891
33.83	243.5	477
28.73	263.75	17
37.18	282.48	199
42.67	276.58	1011
29.72	268.67	10
37.45	265.27	980
37.7	261.25	2012
36.03	240.93	456
40.25	284.44	311
38.28	255.48	4865
39.62	249.25	6082
33.91	275.06	1329
46.75	242.88	2630
42.69	269.56	1055
42.07	289.78	7
41.73	288.57	64
35.66	271.8	504
38.72	239.25	2667
36.78	283.55	24
34.71	262.78	997
40.22	248.28	4628
34.18	258.28	3475
35.53	262.35	1339
46.73	265.62	1335
31.49	262.7	609
42.12	272.1	666
43.65	289.68	64
47.5	237.25	497
32.51	276.23	433
41.92	289.27	152
36.41	259.25	3006
45.4	276.18	690
33.4	62.25	3766
32.6	65.85	4666
31.98	44.93	47
32.8	44.45	125
33.78	42.43	636
33.52	44.25	122
32.35	62.17	2367
33.3	44.25	139
28.9	48.2	169
33.35	69.4	6829
33.92	69.7	7309
30.55	47.75	68
41.25	247.75	4483
35	254.35	7303
33.8	69.82	5933
32.47	45.77	101
33.37	69.97	3898
37	35.43	247
32.92	69.15	7691
34.85	69.63	4642
37.95	128.07	781
38.2	127.95	747
37.4	127.27	250
37.85	127.55	118
36.97	126.45	135
36.4	128.15	311
36.1	128.3	145
35.65	128.72	375
37.6	127.35	115
37.8	126.97	392
38.05	127.5	970
37.67	127.88	497
34.55	69.22	6055
29.33	47.52	494
24.25	54.55	78
18.57	287.7	105
31.62	65.7	3411
43.07	74.2	2556
30.4	273.35	27
25.2	51.32	142
32.52	69.2	7478
34.4	70.5	1917
38.77	332.9	186
32.1	66.9	5480
36.67	68.9	1369
34.65	70.2	2705
32.07	253.85	4338
33.05	40.32	2586
36.7	67.2	1322
35.55	45.45	2884
33.6	69.22	7975
31.85	65.83	3851
34.97	63	9906
34.37	68.85	7573
0.07	286.45	1278
11.55	43.15	64
33	68	7353
34.95	69.78	5044
31	66.4	4152
34.67	43.53	470
33.12	68.82	7644
35.45	139.45	210
36.28	42.4	1014
33.95	44.37	169
36.3	43.15	730
35.47	44.4	1075
33.25	44.23	115
0.05	32.45	3898
-2.15	40.9	51
31.58	65.42	3252
29.67	47.42	494
30.95	46.08	20
31.8	47.07	30
31.1	64.07	2451
32.92	69.45	6133
34.1	62.22	3722
42.77	272.2	693
33.95	242.55	842
44.05	256.93	3266
27.82	262.92	7
32.68	263.13	680
43.23	236.65	541
40.15	237.75	365
27.78	262.31	81
32.92	279.37	105
44.15	256.9	3377
35.49	262.18	1396
38.78	266.2	825
41.07	273.82	815
37.71	253.65	8192
45.5	269	1275
34.88	280.23	369
40.5	237.7	517
40.38	284.03	355
41.02	264.73	1075
44.25	238.85	3171
47.97	262.6	940
35.88	281.21	450
33.6	257.95	3438
42.59	242.14	4172
42.2	270.9	764
32.14	265.15	456
44.58	267.52	808
45.63	270.53	1673
35.2	276.13	1751
37.33	238.18	139
37.5	282.67	183
39.53	252.28	5717
33.88	242.73	1586
43.07	251.53	5693
44.07	290.9	57
28.08	262.95	27
35.02	265.38	467
41.59	250.93	6964
46.31	240.7	406
43.23	284.6	521
34.35	274.83	663
38.4	282.54	220
42.25	275.04	970
35.7	274.16	1065
29.53	261.72	784
45.15	267.46	1028
33.03	243.08	1433
39.5	240.22	4534
43	275.87	757
47.5	237.78	30
33.76	269.24	145
37.32	280.03	1210
43.12	282.33	571
36.37	265.9	1403
45.7	267.05	950
33.3	255.47	3780
48.85	264.3	1092
45.43	268.24	1139
33.11	261.44	1156
41.89	270.92	805
46.48	251.46	3597
43.72	274.5	1021
35.66	250.95	6944
35.47	261.99	1461
45.2	270.29	1356
48.93	264.65	1106
38.87	261.18	1920
32.51	268.59	321
39.65	282.53	1897
43.92	267.5	1359
39.02	272.35	477
26.53	278.25	30
36.76	255.5	6545
39.67	240.12	5203
35.25	266.9	416
48.39	259.98	1596
35.65	279.48	798
43.53	287.05	811
36.03	264.02	652
44.55	264.92	1055
35.85	282.1	162
41.8	252.8	7022
30.52	263.3	402
43.83	248.19	5007
46.09	265.64	1183
32.14	248.83	2492
39.73	282.57	926
43.17	271.28	859
30.5	262.03	1268
34.01	275.4	1072
40.95	272.82	720
45.82	267.63	1018
35.21	275.2	886
39.44	276.98	747
47.8	256.74	2174
47.42	261.89	1467
44.29	239.09	3350
41.44	253.17	7228
38.52	238.5	27
32.86	250.37	3273
35.62	253.92	6538
32.73	242.82	30
38.15	270.3	554
29.53	261.53	818
32.12	278.8	51
46.36	272.6	1258
46.39	265.2	1325
34.43	240.17	10
34.1	242.77	1193
43.78	272.15	788
41.7	273.68	798
32.61	277.63	338
35.23	239.37	216
40.52	253.13	7086
38.33	284.48	54
33.17	273.69	585
29.12	268.13	757
42.85	286.07	389
37.9	238.75	27
35.7	280.5	636
40.75	264.58	1001
34.75	241.28	4655
38.18	274.27	504
33.62	248.08	1555
32.57	243.02	541
47.7	255.8	2045
47.45	237.7	463
32.83	243.03	396
40.83	283.13	463
32.35	273.02	172
32.22	261.82	1359
38.93	269.59	450
34.85	248.22	4973
28.78	278.77	57
47.68	242.68	2012
43.4	289.28	250
37.62	237.62	17
36.68	283.4	74
42.05	269.89	636
41.92	288.5	453
37.23	266.62	1308
39.83	276.17	1085
29.97	278.67	10
29.62	264.35	7
44.9	267	845
34.6	268.43	230
37.08	246.4	3029
38.27	281.1	1237
43.22	264.17	1461
38.48	255.69	6424
47.23	236.85	287
44.77	253.03	4087
32.47	266.18	267
36.44	280.15	713
36.9	270.44	325
41.78	237.53	2728
37.36	238.08	57
34.52	250.62	5910
37.75	277.36	1258
31.37	259.5	1968
45.69	274.43	690
47.62	242.35	2536
29.38	261.42	710
36.45	254.33	7306
42.6	264.77	1535
40.78	248.03	4354
44.92	237	206
36.2	265.52	1014
45.65	275.48	659
33.78	241.95	37
44.38	285.8	1714
38.8	262.35	1312
38.65	271.03	588
33.16	264.38	504
37.05	275.39	957
38.7	238.42	24
45.12	246.12	4169
34.02	241.55	179
47.28	238.67	4087
40.62	285.33	108
34	279.64	189
34.9	239.55	247
33.68	242.13	54
41.38	287.49	429
35.17	271.78	487
32.69	259.05	2505
35.36	263.06	1106
36.67	238.4	88
44.17	245.07	6691
41.1	257.02	4436
30.59	259.35	2204
35.23	280.6	477
34.27	250	6606
34.92	278.05	832
45.78	237.16	57
37.46	257.38	4524
44.48	256.22	4016
27.77	277.37	7
39.85	270.33	632
26.07	262.84	10
28.6	268.8	757
33.98	261.5	1062
43.17	264.81	1379
28.08	269.18	33805
41.75	270.33	666
37.52	237.75	3
36.06	274.47	1055
35.21	268.26	270
35.27	263.32	1055
27.4	277.45	30
33.47	254.47	7019
33.97	279.53	250
29.33	261.53	595
31.15	278.62	20
45.55	265.93	1055
44.55	270.47	1143
33.43	271.15	345
39.77	265.08	842
40.62	256.73	4162
38.75	269.63	581
44.95	266.93	707
38.52	237.18	128
27.18	279.78	20
44.85	272.58	747
43.5	245.7	5477
38.67	269.35	477
33.93	281.93	27
38.27	238.07	64
46.69	267.91	693
42.4	263.62	1136
32.63	251.85	5609
35.77	279.04	994
32.02	278.85	44
41.5	285.9	507
36.17	262.92	1014
32.47	259.53	2458
31.36	274.15	412
42.62	236.63	3959
39.76	258.2	3516
35.56	273.56	825
38.22	276.41	1062
44.48	266.98	947
43.12	283.88	419
38.73	266.45	896
48.3	243.44	2191
29.53	262.54	365
30.88	263.03	416
26.18	262.03	71
30.24	261.09	1748
37.27	255.67	5937
41.89	288.98	44
39.53	270.67	642
37.73	267.87	1193
32.48	278.26	193
43.46	251.76	33805
35.18	256.4	4189
33.22	272.38	176
47.13	237.52	331
33.23	252.73	5007
36.28	281.02	629
30.03	274.47	17
41.56	276.53	639
40.78	285.94	10
42.57	275.59	947
37.95	252.1	9361
27.92	262.78	20
37.83	284	7
35.38	273.75	1116
39.92	283.13	494
41.96	259.43	3016
35.42	262.62	1332
40.29	271.86	761
47.27	237.42	301
28.52	279.2	37
44.25	264.39	1379
33.2	263.41	598
45.47	270.19	1532
36.23	269.96	270
30.4	275.65	57
31.43	276.51	365
25.65	279.57	10
29.81	264.1	172
45.42	236.18	37
36.2	278.35	3242
41.68	266.98	980
33.8	241.67	105
44.02	267.17	1346
34.59	276.7	1028
31.87	273.98	409
41.6	276.2	713
39.07	264.38	913
42.06	255.85	4334
27.97	277.47	10
27.92	277.55	7
38.05	242.92	5592
31.15	262.6	703
41.77	263.83	1055
35.93	265	899
36.48	277.6	1565
39.32	239.87	6079
32.72	263.74	490
33.63	243.83	-122
35.14	241.57	4125
35.58	280.9	254
45.55	237.6	37
41.94	276.57	636
40.28	285.18	220
28.62	279.28	10
36.2	264.1	696
34.27	271.23	372
32.12	249.07	2634
44.73	274.42	642
48.07	263.82	1149
30.9	276.12	270
40.68	267.1	1062
38.9	240	6454
32.35	268.97	85
40.61	247.65	4453
42.48	245.52	4277
47.05	268.25	1109
33.45	266.02	402
40.03	273.75	950
32.35	264.6	561
35.82	276.02	1011
39.91	276.87	933
41.05	246.93	4368
39.33	247.42	4780
40.62	248.01	4743
44.91	251.55	4219
42.65	248.42	6018
45.25	237.24	203
45.5	268.02	1281
41.03	279.59	1106
36.38	271.02	352
34.3	280.13	1160
43.01	271.8	940
42.42	272.13	751
47.95	235.45	210
39.95	268.8	791
36.22	278.9	1339
39.13	236.8	632
40.44	284.62	541
44.32	265.5	1041
39.22	277.77	652
36.73	268.15	1041
43.43	271.31	964
40.85	282.15	1278
34.39	270.45	463
41.61	275.87	805
34.68	269.65	199
30.75	264.42	379
41.54	288.72	176
29.21	260.26	970
30.13	266.62	14
39.93	276.54	1116
34.98	278.95	690
30.97	276.8	240
27.35	265.37	33805
39.95	285.16	54
34.73	239.42	379
29.48	266.37	757
36.35	265.78	1335
38.37	281.04	1200
38.37	238.04	118
28.85	263.08	122
34.58	242.62	2962
28.01	277.65	24
32.19	277.63	284
40.43	250.48	5436
38.95	267.32	737
40.2	275.47	1038
36.2	244.82	2269
38.13	268.23	1183
36.32	240.6	301
36.68	277.97	2133
32.23	269.07	108
29.25	271.56	33805
30.78	276.72	210
42.55	276.82	751
27.07	277.56	20
29.47	267.63	757
34.22	241.52	825
29.23	272.22	179
43.93	269.73	936
34.17	275.2	825
30.48	273.47	88
41.45	273.02	791
30.22	278.12	85
28.27	267.73	85
27.65	279.58	27
43.35	287.48	595
30.78	274.4	71
40.02	277.53	909
42.22	267.97	872
42.87	259.45	2678
37.5	254.83	10528
35.42	279.85	629
45.63	237.35	27
28.94	278.03	91
45.31	263.59	1133
48.15	265.48	1886
41.35	270.85	673
38.08	281.06	1481
39	279.73	1684
38.98	283.67	51
36.96	281.81	541
44.66	255.43	4395
38.67	281.5	926
36.6	281.43	433
37.6	283.55	30
36.71	281.15	433
37.18	281.9	433
37.5	282.87	125
38.98	280.87	987
37.93	284.52	139
36.38	262.22	1204
33.98	276.33	970
34.26	241.59	1035
34.73	241.78	2417
37.16	262.97	1183
40.9	242.2	4446
32.63	276.4	304
40.02	285.4	139
43.97	252.05	4375
41.35	288.2	85
36.94	238.21	162
44.53	290.32	341
39.02	285.08	24
36.44	260.48	2255
44.68	248.88	6846
28.81	277.68	51
29.36	277.53	78
33.18	262.17	879
29.47	278.79	34
29.18	265.48	254
40.57	284.51	412
28.47	279.45	10
36.28	265.7	1325
33.61	278.92	331
29.12	269.8	33805
37.86	283.11	139
46.99	265.8	1376
46.77	259.11	2001
45.31	268.36	1089
47.16	265.35	1390
44.04	270.7	886
43.58	269.1	1332
45.98	264.02	1241
42.94	274.94	842
42.23	276.47	737
46.57	239.47	1089
42.92	262.62	1346
41.27	279.33	1220
28.23	277.84	91
39.95	278.1	926
41.33	19.78	301
42.48	27.48	95
43.15	25.6	33805
42.13	24.75	605
42.65	23.38	1981
43.2	27.92	139
35.15	33.5	308
34.88	33.63	7
34.72	32.48	37
34.58	32.98	78
42.57	18.27	531
44.57	14.39	152
45.45	18.8	298
45.9	13.92	213
45.22	14.58	287
43.29	16.68	1829
43.53	16.3	64
45.73	16.07	358
44.1	15.35	277
38.95	358.15	2373
38.28	0.55	145
36.85	357.62	51
38.98	356.08	2127
43.55	353.97	429
37.85	355.15	304
43.3	357.07	142
42.37	356.37	3022
41.28	2.07	14
39.58	359.55	169
38.88	353.18	625
40.93	358.7	3009
43.3	351.62	328
40.65	356.27	2400
41.73	0.54	1183
37.31	6	24
37.13	356.36	2367
41.9	2.77	483
37.18	356.22	1890
40.3	356.28	2096
42.08	0.32	1822
38.87	1.38	24
36.75	353.93	101
37.78	0.8	17
41.52	2.1	845
42.58	354.35	3131
42.45	357.67	1193
40.45	356.45	1968
36.67	355.52	24
39.87	4.23	294
40.5	356.42	2140
37.15	354.38	298
39.55	2.73	14
42.77	358.37	1552
37.95	358.77	254
41.15	1.17	240
36.65	353.65	88
40.95	354.5	2681
43.35	358.2	17
42.9	351.57	1251
40.48	356.55	2052
39.5	0.47	233
41.72	355.15	2870
40.38	356.22	2333
42.88	357.28	1734
42.22	351.37	893
43.43	356.18	20
41.67	358.98	872
37.42	354.1	105
49.97	2.7	375
50.52	1.62	34
44.18	0.6	206
44.53	358.87	85
44.83	359.3	166
44.82	0.52	172
43.53	1.37	554
45.67	0.32	101
46.15	358.85	14
46.58	0.32	436
45.87	1.18	1339
43.92	0.5	210
43.63	1.37	514
43.38	0.42	636
43.18	0	1281
45.72	0.22	450
43.68	358.93	108
43.47	358.47	254
43	1.1	1400
44.4	2.48	1964
43.68	0.6	423
47.04	5.44	663
45.08	3.77	2813
48.98	6.25	893
47.57	0.3	203
42.55	9.48	27
42.53	8.8	216
41.5	9.1	88
41.92	8.8	20
41.92	9.4	27
45.65	5.88	794
45.78	3.17	1122
47.07	2.37	544
45.73	5.08	838
46.3	4.8	747
46.42	4.02	818
45.92	6.08	1565
44.58	4.73	247
45.37	5.33	1298
46.17	3.4	842
44.9	2.42	2164
46.85	1.72	541
45.72	4.95	676
43.38	6.38	270
43.55	6.95	10
45.53	4.3	1366
43.52	4.93	78
43.22	2.32	440
43.45	5.23	20
43.65	7.2	14
44.13	4.83	203
42.73	2.87	145
43.58	3.97	17
43.32	3.35	57
43.9	4.9	128
43.6	5.1	199
47.05	2.63	598
49.47	2.12	369
48.05	1.38	453
49.02	1.22	477
48.45	0.12	487
49.52	0.07	338
50.13	1.83	250
47.98	1.75	426
48.78	4.18	605
49.38	1.18	531
48.47	1.52	524
47.45	0.72	365
49.82	3.2	331
48.97	2.45	223
49.25	2.52	298
49.02	2.53	399
48.62	2.68	321
48.77	1.1	554
48.73	2.4	301
49.1	2.03	335
48.77	2.2	598
48.33	4.02	399
47	3.1	609
50.22	3.15	264
50.57	3.1	162
48.45	355.58	335
49.65	358.53	467
48.58	357.93	220
49.37	0.15	494
47.77	356.55	176
46.7	358.62	304
48.52	355.85	358
49.18	0.45	264
48.28	355.57	294
47.93	0.2	199
48.07	358.27	125
48.75	356.53	301
47.97	355.83	311
47.17	358.4	91
48.53	357.15	467
48.6	356.18	291
47.32	357.83	10
47.6	7.52	913
47.27	5.08	751
49.08	6.13	642
48.63	4.9	470
48.78	5.48	964
48.68	6.22	761
48.58	5.97	1136
49.3	4.03	321
48.55	7.63	517
47.78	6.35	940
43.1	6.15	10
43.75	4.42	318
46.77	303.83	17
45.98	5.33	845
47.32	1.68	287
37.92	21.28	34
40.85	25.92	24
37.93	23.93	318
39.22	22.8	85
38.07	23.55	149
38.33	26.13	17
39.7	20.82	1609
35.33	25.18	132
36.29	23.02	1085
38.12	20.5	64
37.07	22.02	20
36.8	27.09	436
35.41	27.15	20
39.62	19.92	7
40.98	24.6	17
40.3	21.78	2143
39.92	25.23	17
39.63	22.42	247
37.44	25.35	416
39.07	26.6	10
37.08	25.37	10
37.01	25.13	122
38.62	20.77	14
36.4	28.08	14
38.15	21.42	37
35.48	24.12	511
39.18	23.5	51
37.7	26.92	7
37.42	24.95	247
36.4	25.48	128
38.97	24.48	51
38.32	23.53	500
40.52	22.97	27
37.75	20.88	10
46.68	21.17	298
47.43	19.27	511
47.48	21.6	365
46.92	19.75	382
47.2	17.5	490
46.1	18.23	680
47.63	17.82	436
46.68	17.17	423
47.12	20.23	301
46.25	20.1	277
41.53	15.72	193
39	17.07	524
41.13	16.78	115
41.7	15.95	2833
41.42	15.52	270
40.52	17.4	216
40.43	16.88	7
40.23	18.15	162
42.43	14.2	34
39.33	16.4	5781
40.65	17.95	51
42	15	54
40.08	16.02	3002
40.77	16.93	1166
39.82	18.35	352
38.9	16.25	51
36.93	14.6	744
37.47	15.05	37
35.5	12.6	54
37.57	14.28	3178
38.2	15.55	199
36.82	11.97	646
38.18	13.1	71
37.08	14.22	37
36.68	15.13	156
38.07	15.65	37
37.92	12.5	24
38.7	13.18	845
37.4	14.92	74
40.63	8.28	78
39.93	9.72	467
39.1	9.52	392
39.35	8.97	98
39.25	9.07	14
40.9	9.52	37
45.08	7.6	970
45.62	8.73	791
45.67	9.7	805
45.22	7.65	1018
44.05	8.12	152
45.93	7.7	11765
44.42	8.85	7
45.03	7.73	2397
45.43	9.28	362
45.52	8.67	602
44.82	10.29	169
44.92	9.73	453
44.43	9.93	3513
43.95	8.17	744
44.63	8.93	1582
45.74	7.37	1846
44.25	7.8	5886
44.55	7.62	1305
46.03	12.6	433
46.47	11.33	4933
44.22	12.3	20
44.53	11.3	122
44.83	11.62	34
45.65	12.18	61
45.98	13.03	172
44.2	12.07	91
45.42	10.28	345
45.4	10.32	352
45.82	13.48	41
44.03	12.62	41
45.68	12.1	152
45.38	10.87	227
43.62	13.37	41
45.5	12.33	7
40.56	14.2	541
42.42	12.85	1315
42.38	11.17	2130
44.08	9.98	30
41.78	12.58	436
41.65	12.45	20
41.8	12.23	7
42	12.73	298
41.63	13.3	609
40.62	14.92	135
42.47	12.98	6336
41.55	12.9	85
41.05	14.07	30
40.88	14.29	298
43.68	10.38	7
43.8	11.2	135
42.75	11.07	17
41.05	15.23	3668
41.95	12.5	61
42.43	12.05	1014
42.73	10.38	1004
43.08	12.5	703
44.2	10.7	7319
46.73	12.22	4131
46.83	10.5	6085
43.52	12.73	1927
44.45	12.3	7
46.5	13.58	2627
46.15	11.03	7184
46.3	11.78	6775
45.68	13.74	27
46.03	12.62	426
45.9	15.52	524
46.22	14.48	1302
46.48	15.68	893
45.52	13.57	321
49.93	15.38	818
50.12	14.53	967
49.03	17.44	598
50.2	12.92	2039
50.77	15.03	1369
49.68	13.27	1224
49.68	18.12	865
49.17	16.12	1596
50.02	15.73	764
49.43	17.4	696
50.1	14.25	1234
49.15	16.7	815
32	34.9	135
29.55	34.95	41
32.8	35.03	27
32.98	35.57	33805
29.94	34.94	1461
32.11	34.78	44
35.85	14.48	308
47.84	16.26	920
47.96	16.26	788
47.38	9.7	1413
47	15.43	1149
47.27	11.35	1964
46.65	14.33	1515
48.23	14.18	1007
47.8	13	1454
48.12	16.57	619
47.29	12.79	2549
48.32	16.12	592
47.2	14.75	2289
38.88	350.97	10
36.97	334.83	338
38.02	352.13	832
39.45	328.87	95
37.02	352.03	24
38.52	331.28	135
38.77	332.9	176
32.7	343.23	199
39.83	351.11	193
38.7	350.96	47
40.92	351.35	57
37.73	334.3	240
41.23	351.32	233
33.07	343.65	328
38.77	350.87	385
38.83	350.66	453
44.78	17.22	527
43.35	17.8	365
43.82	18.33	1728
44.55	18.7	1035
46.2	21.4	396
46.58	26.97	622
47.67	23.58	737
44.5	26.13	304
44.33	28.43	328
46.78	23.68	1386
44.23	23.87	649
47.17	27.63	345
47.05	21.93	456
44.55	26.1	321
45.79	24.09	1498
47.8	22.88	416
47.65	26.25	1187
45.06	28.72	14
46.53	24.53	1041
45.77	21.25	291
47.08	6.79	3472
46.25	6.13	1420
46.22	7.33	1630
46.95	8.28	1501
47.4	8.65	1515
47.1	8.3	1444
46.75	8.12	1951
46.82	6.95	1657
46.22	7.32	1626
46	8.97	923
46.92	7.5	1707
46.97	8.38	1521
47.18	7.42	1454
47.48	8.53	1474
47.48	9.56	1346
46.53	9.88	5768
39.93	32.75	2769
40.12	32.98	3208
39.95	32.68	2725
40.08	32.57	2850
36.98	35.3	68
37	35.42	223
38.75	30.53	3496
36.7	30.73	169
37.08	37.37	2370
37.97	32.55	3489
40.85	35.58	1843
39.75	37.02	4344
41.45	31.8	460
38.43	38.08	2914
38.78	35.48	3560
39.45	31.35	325
40.3	36.57	2056
37.78	29.7	2870
38.77	34.54	3195
40.97	28.82	162
37.85	27.85	193
39.62	27.92	341
40.32	27.97	172
40.13	26.4	10
39.78	30.57	2654
38.27	27.15	423
38.5	27.02	17
38.67	29.42	3107
40.73	30.08	169
40.26	29.56	788
36.7	28.78	24
38.92	27.85	314
41.13	27.92	585
39.82	30.52	2667
38.6	39.28	3049
37.88	40.18	2319
39.73	39.5	3908
39.92	41.27	5937
40.6	43.08	6001
41	39.72	118
38.45	43.32	5636
37.87	41.17	1826
38.75	41.67	4280
37.98	41.84	2062
42.03	35.17	108
37.6	36.93	1934
39.65	43.03	5629
37.75	38.28	2272
37.3	40.73	3550
37.45	38.9	2789
36.36	36.28	277
38.52	26.98	14
37.85	30.37	2921
39.55	27.01	51
37.25	27.68	20
36.3	32.3	321
41.25	36.57	17
40.9	29.31	321
47.83	27.77	781
47.86	28.21	321
45.84	28.27	673
46.93	28.93	412
41.12	20.8	2569
41.97	21.65	805
36.15	354.65	17
44.82	20.28	325
44.93	20.25	270
43.82	20.58	707
43.33	21.9	683
42.43	19.28	179
42.4	18.73	17
43.9	19.7	3056
45.15	21.32	281
48.17	17.21	436
48.93	22	598
48.66	21.24	784
48.33	19.73	723
48.28	18.13	453
48.77	18.59	879
48.62	17.83	551
48.64	19.13	1075
49.07	20.25	2346
49.23	18.61	1055
-2.55	120.37	169
21.43	288.85	14
21.77	287.74	17
19.2	290.57	118
18.22	289.1	88
19.27	290.27	34
18.57	290.02	101
18.42	291.05	27
18.57	291.65	30
19.75	289.45	51
18.43	290.33	61
19.47	289.3	619
15.48	269.68	4449
14.31	268.1	37
14.57	270.65	3262
14.58	269.48	5034
15.32	268.53	6427
17.07	270.85	4811
15.72	271.4	3
14.86	268.49	8016
14.53	268.33	808
13.92	269.18	7
16.91	270.14	433
14.97	271.53	1657
13.28	272.33	17
14.9	274.07	1494
13.32	272.85	162
15.75	273.16	10
14.33	271.83	3719
15.45	272.07	105
14.03	271.37	176
0	0	0
15.22	276.2	44
16.32	273.47	17
14.38	272.38	2116
14.78	271.22	3648
15.72	272.52	10
14.06	272.78	3361
15.93	274.07	10
15.17	272.88	2265
17.93	283.22	30
18.5	282.08	10
16.75	260.25	17
25.87	259.77	1515
21.71	257.68	6373
15.78	263.73	483
18.92	260.75	5274
18.65	268.2	7
24.82	252.6	132
18.5	271.7	41
27.32	247.7	254
19.85	269.45	17
31.63	253.57	3959
20.64	271.55	95
28.7	254.03	4598
23.72	261.03	805
20.53	273.07	17
24.13	255.47	6278
21.52	255.1	3117
31.86	243.37	27
20.52	256.68	5166
27.97	249.07	91
29.09	248.95	622
19.27	256.42	2444
25.45	259.02	6052
16.45	264.92	206
25.68	250.92	14
21	258.52	6150
24.07	249.62	71
26.02	248.65	51
25.77	262.47	27
20.93	270.35	34
32.63	244.78	47
19.85	258.97	6197
18.1	265.42	135
26.9	258.57	2079
19.43	260.9	7566
25.78	259.9	1308
23.17	253.73	34
27.43	260.43	500
16.97	263.27	5166
20.5	262.53	210
19.16	261.63	7580
31.3	246.45	162
28.7	259.48	845
19.4	257.97	5386
20.68	254.75	20
15.87	262.92	298
20.6	259.62	6129
26.02	261.77	132
23.15	250.3	369
22.95	250.06	473
22.15	259.02	6434
16.45	266.93	1785
25.53	256.55	3800
16.75	266.88	1785
32.55	243.03	514
22.28	262.13	81
19.35	260.43	8709
14.78	267.62	98
21.03	273.13	17
18	267.18	44
19.15	263.82	98
22.9	257.28	7235
17.6	258.53	20
19.15	255.43	27
20.75	257.47	5494
12	276.23	17
12.63	272.87	179
13.14	273.98	3327
12.1	274.63	304
12.15	273.83	169
14.05	276.63	68
11.42	274.17	179
9.35	278.25	10
9.43	278.52	20
8.4	277.58	88
8.92	281.6	54
8.98	280.48	44
8.91	280.4	44
8.08	279.05	298
9.05	280.63	37
10.62	274.57	270
10	276.95	88
10	275.78	3148
9.95	275.85	3361
13.57	270.17	51
13.43	270.95	101
13.33	272.12	17
13.98	270.43	2451
13.45	271.88	270
13.7	270.88	2099
19.75	288.18	10
18.57	287.7	98
20.35	285.5	30
20.4	283.38	216
22.06	281.79	10
22.15	279.6	132
21.62	278.45	7
21.42	282.15	412
19.97	284.15	233
19.9	284.87	78
20.08	284.85	27
22.98	277.6	199
20.78	283.68	358
20.65	285.08	17
20.33	282.88	203
21.83	277.22	78
23.03	277.42	105
22.87	277.48	169
22.43	280.1	304
23.13	278.72	10
20.95	283.05	358
19.69	280.12	7
19.29	278.64	10
23.5	284.23	10
26.55	281.3	37
25.05	282.53	24
17.53	271.7	17
-21.2	200.18	24
-17.75	177.45	44
-18.05	178.57	17
-16.47	179.33	57
-16.67	179.87	71
-21.23	184.85	128
-19.8	185.65	7
-18.58	186.03	240
-8.52	179.22	3
1.35	172.92	7
1.35	172.92	7
-19.07	190.08	68
-13.23	183.83	78
36.07	284.31	10
35.24	280	619
-13.82	188	17
-14.34	189.28	17
-17.55	210.38	7
-13.85	167.55	57
-16.42	167.8	88
-15.52	167.22	139
-17.7	168.3	68
-19.45	169.22	20
-20.77	167.23	95
-22.27	166.47	10
-20.78	165.27	10
-22.02	166.22	54
-37.02	174.8	24
-43.48	172.55	128
-77.87	166.97	27
-77.87	166.53	7
-40.2	175.37	169
-77.95	166.52	17
-90	0	9568
-77.88	166.65	41
-41.33	174.8	41
-36.78	174.63	101
37.12	70.52	4057
34.22	62.22	3259
34.63	69.2	6048
31.5	65.83	3415
36.7	67.2	1278
36.67	68.92	1464
26.27	50.65	7
18.23	42.65	7066
25.3	49.48	605
26.48	38.12	2110
20.3	41.63	5585
19.98	42.62	3945
26.47	49.78	74
24.45	44.12	3117
26.27	50.15	88
16.9	42.58	20
26.3	43.77	2191
31.4	37.27	1721
27.43	41.68	3432
21.7	39.18	51
25.67	39.38	2549
24.07	47.58	1701
27.9	45.53	1396
18.3	42.8	6985
24.55	39.7	2211
22.43	41.7	3283
21.43	39.77	1048
17.62	44.42	4098
28.32	46.12	1210
29.62	43.48	1518
24.93	46.72	2069
30.9	41.13	1876
24.72	46.72	2069
17.47	47.12	2434
29.78	40.1	2329
28.37	36.6	2630
21.48	40.55	4997
31.68	38.73	2749
20.5	45.2	2110
26.2	36.47	68
24.15	38.07	27
30.37	48.25	10
32.38	48.37	483
30.77	49.67	98
30.43	50.77	2495
31.98	49.27	1258
30.56	49.15	7
31.33	48.67	68
25.88	55.03	24
28.98	50.83	64
27.82	52.35	2238
26.53	53.98	101
26.58	54.83	47
27.38	52.74	27
29.27	50.27	10
25.91	54.54	44
26.81	53.36	78
34.27	47.12	4463
33.59	46.41	4510
34.9	48.63	5409
33.44	48.29	3905
35.33	47	4642
33.98	51.45	3320
32.47	51.72	5375
32.33	50.85	7025
37.2	49.63	-24
34.28	47.12	4469
34.87	48.55	5940
34.28	48.82	5832
34.1	49.4	5815
35.42	51.15	3404
35.68	51.35	4070
36.25	50	4321
35.78	50.83	4297
35.55	53.38	3959
27.22	56.37	34
30.25	56.97	5910
29.1	58.4	3607
27.12	57.1	91
26.75	55.9	41
30.3	56.05	5460
32.87	59.2	5041
36.5	61.06	974
34.35	58.68	3570
36.27	59.63	3344
37.47	57.33	3631
36.22	57.67	3181
33.6	56.92	2400
36.82	54.47	524
37.25	55.1	112
36.66	51.46	0
36.9	50.67	-78
36.63	53.2	37
31.18	52.67	6775
28.97	53.68	4676
27.67	54.38	2678
27.37	53.19	1376
29.53	52.58	5024
30.7	51.55	6170
38.55	44.97	3743
38.33	48.42	4446
37.35	46.13	4530
37.53	45.08	4385
38.08	46.28	4622
39.33	44.43	4770
36.68	48.48	5622
31.9	54.4	4185
31.33	61.48	1653
25.42	60.75	20
29.47	60.88	4632
27.2	60.7	1998
26.63	57.77	10
31.67	35.97	2438
31.98	35.98	2593
29.63	35.02	179
29.22	47.98	186
33.82	35.48	98
24.43	54.65	54
24.43	54.47	17
24.08	52.47	54
24.27	55.6	896
24.86	53.08	14
25.25	55.33	27
24.47	52.32	85
24.9	55.16	64
25.1	56.33	95
25.62	55.93	105
25.33	55.52	118
23.58	58.28	27
17.03	54.08	68
31.37	73	625
25.23	62.33	98
24.9	67.13	71
31.52	74.4	730
30.2	71.43	412
26.25	68.37	125
34.02	71.58	1214
33.62	73.1	1714
27.72	68.79	203
32.5	74.53	865
33.26	44.23	118
36.32	43.15	754
36.15	44	1420
30.57	47.77	7
35.53	45.45	2850
36.18	37.2	1329
33.42	36.52	2056
35.32	40.15	727
37.05	41.22	1538
35.53	35.77	24
25.25	51.57	37
12.67	45.03	10
13.95	45.67	7353
14.65	49.38	54
16.07	43.17	6762
14.52	46.85	3607
14.58	44.42	8198
14.75	42.98	389
15.83	43.58	5950
14	44.33	6491
15.43	45.33	3381
13.25	43.28	10
14.66	49.38	57
16.97	43.73	6390
15.52	44.18	7458
12.63	53.9	152
15.97	48.8	2370
13.68	44.13	4740
70.14	213.71	57
58.68	204.68	57
56.25	225.35	3
61.6	210.92	240
70.13	216.42	7
60.78	198.2	156
63.97	214.3	1346
65.99	198.88	0
62.4	217	2982
71.3	203.22	14
66.92	208.48	663
61.42	210.49	98
55.2	197.27	105
65.57	215.22	967
61.85	194.43	14
60.5	214.5	44
61.78	193.97	494
66.08	197.25	30
68.03	197.1	997
51.88	183.35	14
59.05	201.48	98
61.87	197.97	105
57.75	207.5	115
62.7	216.02	2468
53.9	193.45	14
62.88	210.17	1288
61.25	210.2	220
64.78	218.86	923
58.65	197.93	558
64.67	212.9	565
58.2	223.65	0
62.77	195.5	10
60.57	208.75	98
61.25	206.18	1210
64.82	212.13	467
64.83	212.38	463
56.97	226.05	0
62.54	206.38	1085
62.54	206.4	1187
67.1	202.15	298
61.27	210.35	389
63.02	205.65	426
64.73	203.07	156
68.48	211.48	2752
66.88	202.83	203
62.15	214.55	1626
64.55	196.95	27
63.77	188.27	27
57.5	225.42	37
58.42	224.27	30
59.47	224.7	17
62.18	200.22	71
65.7	203.65	220
59.25	224.48	17
59.65	208.52	85
61.53	193.85	17
63.88	210.98	1339
62.69	200.43	81
55.2	227.17	0
61.98	207.92	1031
59.32	204.1	95
58.42	203.37	402
66.98	199.57	156
59.75	205.08	166
66	206.3	1315
63.73	211.08	1772
65.62	191.91	24
56.32	201.64	51
58.37	225.42	24
61.72	211.12	896
59.73	202.74	277
54.85	196.59	20
56.93	205.82	47
59.93	195.97	10
56.94	205.82	44
58.68	203.35	51
68.13	208.27	2174
55.35	228.3	98
70.32	211.58	68
64.33	201.29	176
55.58	226.92	51
61.53	199.67	57
61.19	210.03	74
60.2	205.7	274
62.03	217.33	2485
70.22	209	57
67.5	211.52	1978
68.88	193.87	10
60.82	207.7	41
58.98	200.95	54
62.97	204.38	348
59.43	213.67	47
63.9	207.73	723
63.48	197.88	95
65	209.35	277
55.08	228.65	0
62.1	196.32	348
61.22	210.15	142
61.43	217.07	1538
60.37	193.73	51
60.69	198.02	17
61.17	209.98	135
61.58	200.47	88
64.55	210.92	372
55.03	228.43	115
62.65	200.18	335
59.45	202.67	311
58.12	224.55	0
64.52	194.55	37
60.53	194.88	61
62.97	218.07	1775
66.88	197.4	10
56	198.83	14
56.58	190.36	118
65.25	194.87	17
56.82	227.03	0
56.95	201.38	98
59.02	198.18	10
57.58	202.43	57
68.35	193.2	14
66.82	209.37	1133
62.1	207.25	1893
59.76	198.15	44
70.22	210.98	61
68.12	214.43	2150
68.08	197.17	0
61.77	198.68	54
64.73	204.53	673
63.68	189.5	54
70.2	211.53	57
55.32	199.48	24
66.27	193.95	7
57.07	224.65	68
66.6	200.01	14
61.72	203.15	183
62.07	196.7	321
57.15	189.78	30
59.45	208.31	34
61.82	212.5	2833
61.1	204.42	1636
61.97	208.82	152
60.48	208.97	112
52.72	174.12	101
65.17	207.9	227
65.57	192.08	281
65.24	193.66	304
59.05	199.6	20
62.3	209.9	369
62.9	204.02	994
60.79	211.17	98
70.47	202.56	98
63.4	211.05	2258
69.37	207.87	287
63.88	199.2	20
61.75	209.95	227
54.14	194.4	132
61.54	194.4	78
55.12	197.73	159
61.13	213.75	125
67.74	195.47	10
60.12	210.55	61
56.48	227.63	44
70.62	200.15	91
64.69	196.59	274
67.57	197.02	88
60.77	211.32	30
61.57	210.46	358
63.03	214.5	2735
59.52	220.33	30
61.93	212.83	3388
58.83	201.47	81
64.61	197.73	166
65.33	193.53	41
60.79	198.56	27
66.82	198.98	57
64.37	198.78	24
58.7	203	166
66.57	215.27	443
14.18	145.25	625
15.12	145.73	220
13.58	144.93	625
13.48	144.8	308
20.05	145.22	44
22.07	200.22	17
21.48	202.03	862
21.32	202.08	14
20.96	203.33	264
21.32	201.93	54
19.74	203.95	44
21.98	200.66	112
21.15	202.9	463
21.45	202.23	10
21.35	202.07	17
20.79	203.05	1349
20.9	203.57	68
19.76	204.45	6380
19.72	204.93	37
7.08	188.62	10
7.08	171.2	14
8.73	192.27	27
1.98	202.52	10
28.22	182.63	14
60.91	197.56	24
69.72	197	27
7.47	151.85	7
7.33	134.48	101
6.97	158.22	156
7.33	134.48	112
5.33	163.03	14
6.97	158.22	132
9.48	138.08	57
19.28	166.65	14
41.44	220.37	138
22.58	120.35	30
24.27	120.62	17
41.77	218.76	62
25.07	121.55	20
25.08	121.22	112
35.77	140.38	149
36.17	137.93	2258
36.18	140.42	108
35.73	139.92	105
36.03	140.2	88
27.08	142.18	10
35.32	138.87	2299
24.78	141.32	382
34.42	135.25	17
33.67	135.35	355
34.63	135.23	17
34.37	132.43	17
35.52	134.8	710
43.8	142.37	389
42.73	143.22	504
42.8	141.67	101
41.77	140.82	112
42.82	141.68	91
43.03	144.2	321
43.88	144.17	112
43.57	144.97	223
43.12	141.38	27
42.9	143.17	284
45.4	141.8	27
33.93	131.28	17
33.32	130.42	54
34.28	129.33	213
44.25	143.53	20
43.67	142.45	703
33.88	130.65	101
32.67	128.83	260
33.58	130.45	30
30.55	130.95	311
31.8	130.72	920
31.87	131.45	20
32.08	131.45	267
33.48	131.73	17
33.83	130.95	10
33.15	130.3	7
32.83	130.85	652
32.92	129.92	7
31.37	130.83	220
33.68	131.05	57
35.25	136.93	47
28.43	129.72	14
35.38	136.87	132
34.75	137.7	152
36.38	136.42	20
34.8	138.19	456
36.65	137.18	81
34.3	136.97	740
34.82	138.3	24
34.43	132.92	1119
34.75	133.85	815
35.42	132.9	7
34.53	136.68	20
34.03	131.55	7
35.48	133.25	20
34.15	132.23	7
33.53	133.67	24
33.82	132.7	14
34.78	135.45	51
34	134.63	10
35.53	134.17	51
34.13	134.62	27
34.22	134.02	625
34.67	131.8	183
34.6	135.6	34
34.05	131.05	14
40.73	140.7	673
38.42	140.37	355
37.23	140.43	1258
40.55	141.47	156
39.43	141.13	304
39.62	140.22	314
40.7	141.38	122
37.95	139.12	3
41.23	141.13	24
40.18	140.2	284
38.13	140.92	3
38.4	141.22	7
38.23	140.92	24
38.82	139.78	74
35.7	139.4	321
34.98	139.83	10
35.67	139.53	139
33.12	139.78	311
35.63	139.85	17
35.83	139.42	304
35.4	139.92	10
35.8	140.02	101
34.78	139.37	128
35.52	139.4	369
35.55	139.78	27
36.52	139.87	345
35.75	139.35	470
34.98	126.38	7
35.12	126.82	44
35.9	126.62	30
34.77	126.37	10
34.83	127.62	71
38.08	127.98	693
33.5	126.5	122
35.18	128.93	14
35.08	128.08	27
35.55	129.32	108
36.93	127	54
37.47	126.45	24
37.43	127.12	68
37.08	127.03	41
37.97	124.67	578
37.55	126.8	64
35.98	129.42	68
35.9	128.65	118
36.4	126.35	105
36.7	127.5	196
26.18	127.65	27
26.35	127.77	152
24.33	124.17	20
24.78	125.28	135
24.83	125.15	54
26.27	127.75	254
14.8	120.27	61
15.18	120.55	500
18.18	120.53	14
14.52	121	47
7.12	125.65	57
6.92	122.06	17
9.3	123.3	17
12.37	123.62	20
9.75	118.73	47
-31.3	301.98	118
-33	301.38	78
-34.55	299.08	277
-31.78	299.52	250
-32.92	299.22	85
-31.7	299.18	57
-34.56	301.59	20
-31.32	295.78	1636
-34.45	301.41	10
-34.97	302.1	71
-34.67	301.37	101
-34.6	301.4	61
-34.82	301.47	68
-32.83	291.22	2383
-35.5	290.42	4821
-34.58	291.6	2519
-28.6	294.23	1535
-27.77	295.7	669
-26.85	294.9	1488
-31.57	291.13	2018
-33.12	295.77	1420
-33.73	294.62	1640
-33.27	293.65	2400
-27.45	301.23	210
-27.45	300.95	179
-26.2	301.77	199
-25.73	305.53	913
-29.68	302.85	233
-27.39	304.03	443
-26.82	299.55	308
-24.85	294.52	4185
-24.38	294.92	3114
-29.21	300.31	166
-45.78	292.5	196
-42.93	288.85	2667
-43.2	294.73	132
-40.85	296.98	20
-42.76	294.9	460
-53.8	292.25	74
-51.62	290.72	64
-54.8	291.68	54
-49.32	292.25	196
-46.52	288.98	1450
-51.6	287.78	923
-36.75	300.17	446
-38.73	297.83	281
-37.93	302.42	61
-38.95	291.87	913
-36.57	295.73	642
-41.15	288.83	2857
-37.23	300.75	592
-40.08	288.87	2634
-8.25	310.72	531
-22.87	316.63	115
2.07	309.15	34
-16.23	311.03	3844
-21.8	311.87	2394
-10.98	322.93	27
-9.87	303.9	974
-21.13	309.57	1403
-19.57	313.03	3374
-1.38	311.52	54
-31.35	305.88	609
-19.85	316.05	2654
-25.43	310.73	3124
-21.25	316.23	3959
-15.87	312.07	3587
-22.32	310.93	1995
2.83	299.3	284
-15.87	307.62	1183
-25	306.5	2549
-22.92	317.92	14
-9.33	305.05	1812
-19.93	316.07	2874
-20.47	305.33	1917
-27.13	307.33	2198
-7.32	312.53	619
-6.12	310	2099
-28.72	310.58	95
-30.02	308.78	159
-21.75	318.67	37
-19.08	302.5	440
-25.52	310.83	3070
-29.18	308.82	2549
-15.65	303.9	632
-7.63	287.33	575
-22.12	308.62	1474
-3.03	299.95	7
-6.27	302.27	331
-22.82	317.9	34
-25.52	305.42	609
-27.67	311.45	17
-3.85	327.58	189
-22.02	318.93	10
-3.78	321.47	85
-22.82	316.75	20
-10.78	294.72	494
-16.63	310.78	2525
-23.43	313.53	2536
-25.38	308.48	3601
-22.78	314.8	1815
-3.2	307.8	250
-3.12	301.53	145
-4.25	304	115
-14.82	320.97	14
-19.47	317.52	808
-5.53	312.5	416
-21.77	316.65	3175
-7.1	325.13	24
-22.98	316.63	10
-7.22	320.73	1383
-26.22	311.2	14
-7.22	324.12	1853
-23	312.87	2235
-22.1	320.08	34
-12.48	318.72	1728
-23.33	308.87	1924
-13.27	316.58	1488
-19.67	316.12	2880
-5.35	310.85	321
0.87	307.4	696
-22.35	318.23	7
-23.42	308.05	1832
-16.72	316.13	2184
-22.18	310.08	2187
-3.15	300.02	284
-9.52	324.22	396
0.03	309.95	51
-5.2	322.63	78
-23.52	313.37	2441
-5.82	298.7	169
-26.88	311.35	17
-28.27	305.83	1089
-5.92	324.75	176
3.83	308.17	132
-30	308.82	10
-2.92	318.25	17
-21.85	313.43	4260
-28.25	307.6	2312
-10.28	311.63	798
-31.87	307.65	44
-9.35	319.45	1302
-10.7	311.6	882
-22.55	304.3	2221
-19.9	316.02	3134
-16.43	320.93	172
-8.77	296.08	345
-14.95	319.12	2840
-10	292.2	480
-8.07	325.15	64
-22.9	316.83	10
-21.13	312.22	1856
-22.93	316.28	10
-23.23	314.13	2184
-2.6	315.77	179
-29.72	306.3	287
-2.43	305.28	243
-23.62	313.35	2715
-20.8	310.6	1836
-23.93	313.7	10
-12.9	321.67	20
-23.03	314.5	1981
-15.35	321.02	20
-5.05	317.18	233
-3.37	295.32	159
-8.17	289.23	642
-3.67	290.33	287
-3.72	310.28	135
0.13	292.92	304
-9.4	321.78	855
-29.78	302.97	250
-18.88	311.77	3188
-19.78	312.03	2728
-12.7	299.9	2069
-20.27	319.72	14
0.62	290.8	406
-21.98	312.67	2018
-43.62	288.22	936
-18.33	289.67	196
-45.4	287.33	37
-27.27	289.22	690
-45.92	288.32	1758
-46.55	288.3	1099
-22.5	291.1	7816
-36.57	287.97	419
-53	289.15	125
-45.58	287.88	1048
-20.53	289.82	176
-33.38	289.22	1606
-32.78	288.48	27
-23.43	289.57	456
-53.25	289.68	101
-43.17	288.18	1075
-37.38	287.58	385
-54.93	292.37	91
-47.23	287.45	565
-34.97	288.77	771
-36.77	286.95	41
-27.15	250.58	172
-40.6	286.97	220
-43.9	286.26	37
-51.67	287.47	227
-43.12	286.38	10
-33.05	288.42	1156
-34.17	289.23	1491
-62.19	301.01	34
-29.9	288.8	480
-33.63	288.38	254
-33.45	289.47	2194
-38.75	287.37	385
-41.42	286.92	287
-39.62	286.92	64
-32.95	288.52	477
-1.2	281.43	8520
-2.88	281.02	8553
-2.15	280.12	14
0.92	281.38	9416
0.95	279.32	44
0.15	281.52	9503
-2.2	279.02	14
0.9	270.4	20
0.82	282.3	9973
-57.77	308.32	78
-25.27	302.37	341
-27.32	304.17	308
-25.45	305.15	2870
-24.03	305.65	1004
-22.28	302.07	264
-23.5	301.22	331
-22.64	304.17	1930
-26.67	302.87	443
-24.08	302.92	274
-25.75	303.57	889
4.5	284.28	4070
0.5	283.5	859
7.1	286.8	4020
4.72	285.85	8611
10.88	285.22	47
6.17	282.6	81
3.85	283.03	47
7.93	287.48	845
10.45	284.48	3
3.55	283.62	3249
1.82	281.25	20
7.02	286.2	426
1.6	284.48	825
4.27	285.22	991
2.57	282.1	183
4.43	284.85	3137
0.82	282.37	10011
7.82	283.3	68
-4.17	290.05	284
6.22	284.4	5037
8.82	284.15	68
1.13	289.95	700
5.03	284.53	7032
2.97	284.7	1484
6.17	292.5	186
4.82	284.27	4537
2.47	283.4	5849
1.42	282.73	6173
13.37	278.65	20
5.22	285.13	1579
6.13	284.57	7235
11.53	287.07	14
2.57	287.37	524
11.13	285.77	14
12.58	278.28	3
6.45	288.24	1183
7.07	289.27	433
5.72	283.38	179
10.43	286.75	467
4.17	286.38	1430
-19.78	296.08	3354
-15.72	296.9	835
-22.77	295.69	1288
-13.58	296.42	1302
-20	296.47	2698
-17.42	293.82	8614
-11.03	291.22	794
-16.15	297.98	1680
-17.8	296.82	1413
-10.89	294.62	473
-17.8	299.27	960
-13.07	295.18	473
-16.27	297.53	1805
-16.52	291.82	13719
-13.33	295.88	473
-17.97	292.93	10386
-19.55	294.27	13303
-18.98	302.18	453
-13.3	295.3	473
-18.32	300.23	933
-11	293.88	477
-14.42	292.5	686
-14.32	292.62	473
-13.77	294.57	487
-14.87	293.13	656
-16.38	299.03	1396
-14.92	294.4	541
-14.07	293.21	761
-19.02	294.7	9818
-16.33	301.62	419
-21.55	295.3	6268
-14.82	295.08	524
-18.47	295.9	6755
-21.25	296.55	1346
-17.63	296.87	1261
-21.95	296.35	2181
5.45	304.82	54
5.95	302.97	34
5.82	304.82	34
4.83	307.63	355
-10.73	286.22	1521
-8.42	285.4	500
-9.13	284.05	2245
-6.78	280.17	98
-13.13	285.78	9263
-13.71	286.65	11995
-9.35	282.4	9297
-12.02	282.89	108
-5.59	281.23	2553
-7.22	283.28	1183
-11.77	284.53	11231
-15.48	289.85	12935
-7.13	281.53	8858
-17.7	288.66	30
-3.55	279.6	85
-11.33	285.46	2316
-5.9	283.92	605
-9.9	284.25	6285
-6.22	282.17	8587
-3.75	286.75	423
-16.34	288.43	8635
-8.1	280.97	88
-13.74	283.78	37
-6.45	283.62	950
-18.07	289.7	1582
-12.63	290.8	896
-5.18	279.4	166
-4.57	278.75	287
-14.85	285.04	1917
-13.55	288.02	10981
-34.78	303.75	179
-30.38	303.5	416
-34.45	302.17	78
-33.35	303.5	314
-34.87	304.9	101
-33.25	301.93	74
-34.83	304	108
-32.33	301.97	206
-30.88	304.47	693
-31.38	302.05	115
9.55	290.77	764
10.12	295.32	24
8.62	289.78	686
10.07	290.68	2072
10.25	292.35	1474
8.15	296.45	145
8.93	292.58	338
6.23	297.15	1494
10.67	296.73	34
11.42	290.32	54
10.3	293.18	2211
10.45	295.82	7
9.37	293.08	541
10.5	293.12	2823
7.23	289.2	440
10.58	297.68	44
9.02	290.27	551
11.78	289.85	78
9.92	292.67	1450
8.25	287.73	331
11.8	293.82	10
10.57	288.27	223
8.58	288.84	5000
10.92	296.02	78
10.6	293.02	145
9.82	289.07	91
10.13	293.22	592
9.75	296.82	220
5.6	292.5	247
10.5	292	7
7.8	287.8	3381
8.3	297.27	487
7.85	287.55	1275
4.6	298.88	3066
7.58	287.93	1106
10.28	291.25	784
7.9	292.58	159
8.95	295.85	886
8.98	288.05	34
7.3	298.55	609
10.15	292.08	1454
8.63	288.33	338
9.35	289.38	1968
9.22	293.98	423
6.48	301.75	98
6.8	301.98	34
17.12	298.22	47
13.07	300.52	189
0	0	0
15.55	298.7	47
14.6	299	14
16.27	298.48	27
12	298.22	41
18.33	295.03	227
17.7	295.19	57
18.5	292.87	243
18.46	293.9	10
18.27	292.85	30
18.25	294.37	41
18.02	293.43	30
18.43	294	64
17.3	297.32	162
17.2	298.58	57
14.02	299	7
13.75	299.05	10
12.5	290.02	112
12.13	291.72	17
12.2	292.97	227
17.48	298.98	132
18.05	296.88	30
18.2	297.05	105
16.79	297.81	568
11.15	299.15	27
10.62	298.65	51
18.45	295.45	17
12.98	298.73	14
12.7	298.66	10
12.88	298.82	7
13.14	298.79	44
32.37	295.32	10
43.23	76.93	2864
51.2	71.45	1200
53.32	69.58	8611
54.78	69.18	480
42.85	71.3	2248
42.85	74.58	2569
40.6	72.8	3016
42.32	69.7	1866
47.8	67.72	1170
49.8	73.15	1870
44.85	65.5	436
51.25	51.28	122
50.03	82.5	967
52.2	77.07	423
43.87	51.1	74
47.12	51.83	-74
50.28	57.15	767
53.21	63.55	615
40.45	50.07	-20
40.73	46.4	1116
38.75	48.82	-37
39.19	45.46	2951
41.56	46.67	1319
40.75	43.87	5152
40.15	44.4	2924
62.02	129.72	348
56.83	124.87	2904
66.4	112.03	1721
62.53	114.03	1173
70.63	212.08	88
71.7	128.9	24
42.18	42.48	230
43.07	42.75	9128
41.62	41.6	108
41.67	44.95	1657
50.43	127.42	659
48.52	135.17	243
64.78	177.57	210
64.42	186.77	10
59.55	150.78	399
69.7	170.28	14
53.15	140.7	230
53.08	158.58	81
53.62	142.95	125
46.95	142.72	105
43.12	131.93	622
52.08	113.48	2316
56.37	101.7	1657
52.27	104.32	1734
51.83	107.6	1724
50.33	30.97	409
48.08	37.75	815
47.08	37.45	257
48.42	39.38	656
48.36	35.1	504
47.87	35.32	385
48.05	33.22	419
45.04	33.98	2160
49.97	36.13	521
49.42	32	385
50.4	30.57	561
50.6	30.19	531
48.88	24.69	947
49.82	23.95	1078
48.26	25.98	852
50.58	26.13	781
48.63	22.26	396
47.06	31.92	189
46.43	30.77	142
64.5	40.73	44
69.75	61.7	166
61.23	46.63	189
59.97	30.3	14
68.97	33.05	172
57.78	28.4	159
61.82	34.27	372
59.32	39.92	443
52.11	23.9	483
52.53	31.02	487
55.17	30.22	595
54.72	20.5	71
53.6	24.05	456
53.87	27.54	771
53.93	27.63	791
53.95	30.1	656
53.75	91.4	828
53.43	83.52	852
55.33	86.08	879
56.03	92.75	933
55.02	82.63	375
54.97	73.3	412
53.81	86.88	1038
71.98	102.47	112
67.47	86.57	105
69.32	87.33	592
44.9	37.32	179
45.03	39.15	112
44.62	40.15	1886
42.82	47.65	14
44.23	43.07	1062
43.51	43.64	1504
45.33	42	1220
47.27	39.82	260
43.43	39.9	54
46.28	48.01	0
46.37	44.33	507
48.78	44.37	490
55.17	61.4	791
53.4	58.75	1471
66.53	66.53	54
61.02	69.03	135
66.07	76.47	199
60.93	76.48	183
58	56.25	575
62.23	74.48	230
61.25	73.5	149
56.83	60.63	801
57.17	65.32	389
37.98	58.37	710
40.05	53.02	287
37.62	61.9	751
41.77	59.83	281
39.08	63.62	649
38.55	68.78	2715
40.22	69.7	1494
40.98	71.57	1657
42.48	59.63	227
41.58	60.64	331
40.12	65.17	1170
39.72	64.62	764
39.03	66.78	2025
38.83	65.92	4615
39.57	66.95	2448
37.23	67.27	1021
41.32	69.38	1575
41.27	69.27	1653
53.25	34.32	734
55.4	37.9	605
55.98	37.5	642
55.51	37.51	585
50.65	36.58	757
51.75	36.28	707
51.65	39.25	521
55.65	37.27	686
63.57	53.8	504
66	57.37	270
61.72	50.83	402
56.23	43.79	247
55.78	49.2	426
55.57	52.08	663
56.08	47.35	575
54.33	48.4	453
54.4	48.8	223
51.78	55.12	369
51.07	58.6	936
53.12	45.02	588
51.57	46.07	561
54.73	55.93	463
53.2	50.15	149
23.07	72.63	186
19.85	75.4	1968
19.09	72.87	27
23.28	77.35	1768
21.75	72.2	17
22.72	75.8	1897
23.2	79.95	1322
21.1	79.05	1041
22.3	70.78	453
7.17	79.88	27
11.55	104.85	34
13.37	103.85	51
23.88	91.25	51
26.63	88.32	426
20.25	85.83	152
22.65	88.45	14
26.75	83.37	257
26.1	91.58	159
24.75	84.95	372
24.77	93.9	2637
22.82	86.18	473
27.23	94.12	341
27.48	95.02	372
25.6	85.1	172
23.32	85.32	2204
22.27	91.82	14
23.85	90.4	34
23.85	90.4	30
22.33	114.18	81
27.15	77.97	568
31.63	74.87	774
25.45	82.87	274
28.58	77.2	713
28.57	77.12	744
26.23	78.25	693
26.3	73.02	734
26.82	75.8	1302
26.75	80.88	412
19.88	102.13	1031
21.05	101.47	1866
16.55	104.65	524
17.95	102.57	578
22.17	113.57	385
27.7	85.37	4520
12.95	77.67	3002
13.2	77.7	3093
16.53	80.8	71
11.03	77.05	1339
10.15	76.4	27
11.13	75.95	352
17.23	78.43	3
17.45	78.47	1792
9.83	78.08	470
12.92	74.88	345
13	80.18	34
10.77	78.72	287
8.47	76.95	14
27.4	89.42	7556
4.2	73.53	7
13.92	100.6	14
12.28	102.32	108
13.37	100.98	3
12.63	101.35	10
18.77	98.97	1055
19.3	97.83	903
18.28	99.52	815
18.77	100.77	676
18.17	100.17	544
19.95	99.88	1319
16.67	101.2	463
12.58	99.95	17
16.67	98.55	663
17.23	99.82	183
16.78	100.28	149
9.12	99.35	34
6.52	101.75	20
10.72	99.37	17
8.53	99.95	14
8.1	98.98	85
7.2	100.6	14
6.78	101.15	17
9.55	100.07	57
8.12	98.32	20
9.98	98.62	24
6.92	100.43	91
7.52	99.62	47
17.38	102.8	598
17.2	104.12	581
16.43	102.83	558
17.45	101.73	855
15.23	103.25	619
14.95	102.32	791
15.25	104.87	416
16.12	103.78	467
17.38	104.63	622
16.03	108.18	24
21.02	105.8	20
16.4	107.68	57
10.82	106.67	64
21.7	95.98	308
16.77	96.17	47
-5.07	119.55	47
-1.18	136.12	37
-8.53	116.07	10
-8.73	115.17	730
-2.57	140.48	335
-8.47	140.38	10
-1.27	116.9	10
1.53	124.92	270
-3.45	114.77	68
-3.7	128.08	41
-7.37	112.78	7
-6.97	110.38	10
-10.17	123.67	345
3.2	113.03	7
1.48	110.33	91
4.33	113.98	57
2.33	111.83	27
1.25	111.43	115
5.93	116.05	10
5.3	115.25	101
5.9	118.07	41
6.92	116.83	10
4.27	117.88	61
4.93	114.93	74
0.47	101.45	105
1.12	104.12	128
-6.25	106.88	85
-6.12	106.65	27
3.57	98.68	85
0.15	109.4	10
-2.9	104.7	34
0.78	100.28	17
2.45	103.82	152
4.22	100.7	24
6.2	100.4	17
5.47	100.37	14
6.17	102.28	17
3.62	103.22	61
4.57	101.08	132
1.63	103.67	125
2.73	101.7	71
6.33	99.73	27
2.27	102.25	37
5.37	103.08	20
5.3	100.27	10
3.12	101.53	91
1.37	103.92	61
1.42	103.87	47
1.37	103.98	17
-27.63	152.72	95
-25.18	130.97	1677
-23.8	133.88	1843
-27.38	153.1	17
-28.17	153.5	20
-16.88	145.75	10
-26.4	146.27	1035
-20.35	148.95	17
-20.67	139.47	1156
-21.12	149.2	101
-27.42	151.73	1376
-20.48	148.53	85
-23.38	150.47	34
-17.95	122.22	57
-19.25	146.75	20
-12.63	141.88	41
-30.32	153.12	17
-17.58	123.83	308
-30.83	128.12	527
-28.8	114.7	125
-10.58	142.3	44
-38.03	144.48	27
-36.07	146.95	558
-37.73	145.4	257
-42.83	147.48	14
-41.53	147.2	578
-37.67	144.83	446
-34.93	138.52	20
-12.18	96.82	10
-12.42	130.89	108
-31.67	116.02	152
-12.27	136.82	186
-32.1	115.88	101
-30.78	121.45	1241
-15.77	128.7	149
-22.23	114.08	17
-20.1	119.57	30
-31.93	115.95	68
-14.43	132.27	365
-31.13	136.82	558
-10.43	105.68	943
-35.3	149.18	1944
-32.2	148.57	930
-29.03	167.93	382
-34.95	150.53	412
-33.6	150.78	71
-33.95	151.18	10
-31.08	150.83	1386
-35.15	147.45	747
-21.72	122.23	1001
-19.63	134.18	1275
-31.88	152.52	41
-36.42	146.3	517
-33.07	137.52	44
-32.8	151.83	30
40.07	116.59	98
40.82	111.68	3601
38.28	114.7	240
39.18	117.35	10
37.78	112.55	2634
21.48	109.1	54
29.13	110.48	3043
23.17	113.33	27
28.23	112.87	223
25.33	110.3	561
24.3	116.12	284
22.82	108.35	247
23.4	116.68	10
22.55	114.1	61
34.72	113.65	375
30.62	114.13	78
34.74	112.39	869
19.93	100.47	78
18.3	109.4	91
36.02	103.75	5132
34.43	108.75	1619
36.6	109.5	3242
47.85	106.77	4496
25.02	102.68	6396
22.79	100.96	4179
24.48	118.08	470
28.6	115.92	169
26.08	119.28	287
30.23	120.17	145
29.83	121.47	14
32	118.8	41
31.87	117.23	122
31.12	121.77	14
36.07	120.33	260
24.8	118.59	30
31.2	121.34	24
29.72	118.27	490
27.75	118.03	1007
29.93	122.36	0
30.55	97.11	14652
29.52	106.48	1187
26.58	106.72	3631
29.67	91.13	12340
30.67	104.02	1717
39.47	75.98	4365
37.13	79.93	4649
43.9	87.47	2211
43.9	125.22	805
46.02	126.58	483
38.9	121.63	328
41.8	123.4	118
